0.01 0.000193953534809673 0.011208863882803998 0.038174615708326316 1.6083001746916385e-05 0.001707123563936352 0.001567887456865945
0.010974987654930561 0.0002563942246858577 0.015075210289409299 0.05223604242386927 2.1977431792967433e-05 0.0023319805108029984 0.0021440333280978055
0.012045035402587823 0.00033893658887622363 0.020218131047725647 0.07107524979956005 2.9870952722094823e-05 0.0031686630042519807 0.0029150384745856464
0.013219411484660288 0.0004480518559242555 0.02703112326536275 0.0961077610345261 4.035754021602632e-05 0.004280155092834862 0.0039380301137551515
0.014508287784959394 0.0005922944151240911 0.03601488308341683 0.1290593328979042 5.416355075121205e-05 0.0057435359523910195 0.005282240745126843
0.015922827933410922 0.0007829723567978628 0.04779934581467328 0.1719752336318649 7.215369215922448e-05 0.007650667944506295 0.007029085556866002
0.01747528400007684 0.0010350338190480114 0.06316847784611458 0.22720674270001892 9.532848808733706e-05 0.010108011599700413 0.009271261443532191
0.019179102616724886 0.0013682385776873016 0.0830854644064578 0.29735211613456447 0.00012480425041453785 0.013234631461899009 0.012109946133869712
0.02104904144512021 0.0018087066467345014 0.10871222882088062 0.3851065068819265 0.00016175743203225898 0.017156500152732797 0.01564818076407896
0.023101297000831605 0.0023909651626019407 0.14144622255189004 0.4931885772880515 0.00020740157292122903 0.022004282624599174 0.019987170344257416
0.025353644939701114 0.0031606538074878776 0.18293488310364037 0.6240700722731761 0.0002628865722886776 0.027903042888809765 0.02521439395250154
0.027825594022071243 0.0041781005241591646 0.23514391000592702 0.7800497375865512 0.00032933989045348335 0.034976973239098125 0.031405602902603316
0.030538555088334154 0.0055230472929937635 0.3004481432164976 0.9634159730551063 0.00040794708937559967 0.04335841227957125 0.03863036517200762
0.033516026509388425 0.007300895568339399 0.381844479905346 1.177265335798137 0.0005003022926723279 0.053225411007619565 0.046983895970404525
0.03678379771828634 0.009650959572189368 0.4833410589336651 1.4270629527937402 0.0006090651408709774 0.06487170800871016 0.056647983582587165
0.040370172585965536 0.012757372197625986 0.6106087927302059 1.7230814447553509 0.0007389821777599592 0.07881517118233247 0.06798543022898344
0.044306214575838825 0.016863494866069466 0.7719135126881254 2.083398694647137 0.0008981470354076743 0.09593145090581177 0.08165439333647743
0.04862601580065353 0.022290955205326313 0.9791183133868482 2.5361483187574247 0.0010989748033859855 0.11755783026460574 0.09869302946090681
0.0533669923120631 0.029464795754633285 1.2481766629991407 3.1184747522590897 0.0013578614524552063 0.14545979266439016 0.12048556015454644
0.05857020818056667 0.0389466904664611 1.5977807114461842 3.8666092246548076 0.0016912658115008398 0.18142435671907428 0.1484223473418584
0.06428073117284322 0.05147880947701991 2.045229378155596 4.794130852809581 0.002107021608966681 0.2263571286283704 0.18318684805761587
0.07054802310718646 0.06804173343163245 2.598902460838249 5.858206801519281 0.002590787493876642 0.2788766147237463 0.22368500275845568
0.0774263682681127 0.08993089787791134 3.2530760320302354 6.9465148307384945 0.0031008678691945893 0.3347976205776965 0.2667581304956827
0.08497534359086446 0.11885746565797041 3.99578806464682 7.932667281109294 0.0035907842764828788 0.3895370255090339 0.30924703517958274
0.093260334688322 0.15708138432233082 4.843803468558112 8.824167359302347 0.004069566179007174 0.44445591153041364 0.35330417618460824
0.10235310218990264 0.2075868200314163 5.894436406494042 9.893101457082514 0.004655874350147102 0.5124558080011649 0.4115341114834281
0.11233240329780277 0.2743133410264311 7.329171961037978 11.581853155884625 0.005541525418759812 0.6140315709231681 0.5047383148883439
0.12328467394420665 0.3624603720175323 9.275274777560503 14.048505330433251 0.006806495731611625 0.7581754091633544 0.6452232038535505
0.13530477745798075 0.4788878339457964 11.58971756335494 16.616377164346815 0.008191590357718785 0.9194005714475182 0.811475154479362
0.1484968262254465 0.6326428707382169 13.973272613338445 18.30324436985818 0.009311903313585088 1.0605126956397914 0.9635136663360255
0.16297508346206444 0.8356515788988823 16.649973436339714 19.69938788567271 0.010431871345682691 1.2121069482771982 1.1276875529085342
0.1788649529057435 1.1036262255599192 20.508566805784454 22.665919022208133 0.01236420782658206 1.459446517827493 1.3995801637117868
0.19630406500402714 1.4572531977822667 25.54141626804433 26.674085124646364 0.01494012341745091 1.7894722271627557 1.7681201918366305
0.21544346900318845 1.9237456050671113 30.547361512654753 28.9672528506054 0.017035086636014943 2.099658265199383 2.096744747567939
0.23644894126454083 2.538867879683072 36.59020333038483 31.57659479173427 0.019563992963663623 2.4911628769783936 2.5000086083581823
0.25950242113997374 3.349568752381924 44.9855975902973 36.294063148386925 0.023404187505673302 3.0585073144582693 3.102000135069803
0.2848035868435802 4.417394455958585 53.64865168362386 39.29249427585338 0.02694008930180468 3.6708602428284305 3.6977388910028313
0.3125715849688237 5.822896585830975 64.59169640153091 43.40958300569244 0.03154656786993885 4.479234133297965 4.484673332238182
0.34304692863149194 7.671299004424327 77.54614726265515 47.7563930363666 0.036944438732812626 5.490519047082895 5.4444763204476105
0.37649358067924693 10.09974511962398 92.52862408219875 51.98758951723663 0.04309615634752807 6.74528478053884 6.5983253122100285
0.41320124001153385 13.28650935727047 110.3486707051543 56.651842433126944 0.050428202277124266 8.333150346021473 8.039402880447462
0.4534878508128584 17.46262179586575 131.19047875662366 61.49962251576614 0.05899294087553299 10.326510553137792 9.822684974725512
0.49770235643321115 22.92641807531564 155.24159334701164 66.33002750651829 0.06886803390745509 12.816579961183587 12.022494350784713
0.5462277217684343 30.061581343111463 183.3081768539866 71.4707451423618 0.08045484167877595 15.933380762602315 14.77225822688366
0.5994842503189411 39.35928137873662 215.5500327487699 76.6664994192536 0.09383798531079514 19.801617185220106 18.185989692394447
0.6579332246575682 51.445030521832564 252.36881229040853 81.89379495673172 0.10924954477547795 24.5714531340343 22.419761523073685
0.7220809018385468 67.11086178471412 294.14661529289555 87.13071885232789 0.12694263927196736 30.40559972845981 27.65645341404625
0.7924828983539177 87.3533930719308 341.1568924992019 92.31834597021185 0.14716528490015712 37.47150501567126 34.10238030024499
0.8697490026177834 113.41828410164209 393.5530402474372 97.38055195604144 0.17017633998612833 45.93329477283709 41.98651699077384
0.9545484566618342 146.85154181157057 451.39079508598024 102.25144506242718 0.19628090081585645 55.942063653211385 51.559096221434324
1.0476157527896652 189.55811528620904 514.5301810930757 106.83812025038434 0.2258230392543799 67.62298530647728 63.081994252221875
1.149756995397737 243.86826835163126 582.7080571297732 111.06215605007148 0.2592616241269271 81.06707355201868 76.82395740629327
1.261856883066021 312.6123324850295 655.514303133352 114.8446936874441 0.29721702954229096 96.32485981227758 93.05657180568717
1.384886371393873 399.2045944549435 732.430328515709 118.11293940446713 0.34055581203957175 113.40788300150386 112.04089214024002
1.5199110829529348 507.7371918159461 812.9061758715922 120.81114513472762 0.390498307298483 132.2998299538814 134.02933661902492
1.6681005372000592 643.0848760429142 896.453482776844 122.90796591770308 0.44873174075110245 152.97879405595623 159.27463082874777
1.8307382802953698 811.0212495839047 982.7487975258048 124.4016018244029 0.5175147250647829 175.45106637795803 188.00945807646153
2.0092330025650478 1018.346478631445 1071.7229182968263 125.32028995292691 0.5997521188148929 199.79361358753846 220.4853700685444
2.2051307399030455 1273.0253927247454 1163.6025265536905 125.71646192935387 0.6990240747725046 226.1967034483529 256.95745736101924
2.4201282647943834 1584.3331261025724 1258.8695190658443 125.65461006310179 0.8195682821201664 254.99078107411293 297.6885561454086
2.656087782946687 1963.0028750436466 1358.1301846552724 125.1968049034005 0.9662368374641601 286.6388570460567 342.9611864722168
2.9150530628251787 2421.3669615450385 1461.9289157723704 124.39116003351066 1.144461533154149 321.6863302275215 393.0715292248355
3.1992671377973845 2973.478548378656 1570.5757520743482 123.26710013683457 1.3602528588379394 360.68326249812867 448.3302542576924
3.5111917342151346 3635.1976838765263 1684.0623560958609 121.83907405364205 1.6202343804034622 404.1148367759714 509.07096243519476
3.8535285937105312 4424.222566389515 1802.0701399700902 120.11294174300679 1.931684634237978 452.37397398467675 575.6493978012824
4.229242874389499 5360.045644214539 1924.0338518320714 118.09244002553697 2.3025545264533056 505.77934199208045 648.448189898496
4.641588833612782 6463.815222515673 2049.1975318080936 115.78287844564272 2.7414357641818183 564.6146126996958 727.8724503104838
5.09413801481638 7758.088052012481 2176.6259328035835 113.19166626063691 3.2574718367368884 629.1612357710627 814.297625105354
5.590810182512229 9266.469589827744 2305.1716117940814 110.32634715116762 3.8602154890029485 699.7163879903736 908.1025418269417
6.135907273413176 11013.159734501221 2433.426573290985 107.19242984582058 4.559446354874368 776.5979750677521 1009.6649381625049
6.7341506577508286 13022.456893679775 2559.7108829078134 103.79449991053721 5.364974972040265 860.1473868853413 1119.3601854038802
7.390722033525782 15318.325640570933 2682.0939220516802 100.13838345196011 6.2864729290369095 950.7276327569701 1237.5665197781143
8.111308307896872 17924.204313182294 2798.4513146226727 96.23315420761436 7.333399546773673 1048.7251789197703 1364.6470485150726
8.902150854450392 20863.31397092865 2906.5306267668757 92.09088414009375 8.515128763887583 1154.550522067552 1500.962933919732
9.770099572992256 24159.81421167852 3004.0576762803503 87.72659759281926 9.841418607501323 1268.6386798826793 1646.8627746634716
10.722672220103243 27841.200177915704 3088.943113410519 83.16110653427741 11.323385110862471 1391.4517157966748 1802.6826157990724
11.768119524349991 31942.28813790731 3159.58259600632 78.42507027227852 12.975118965797686 1523.4820529209765 1968.7488458533926
12.91549665014884 36510.90500762074 3215.209436974767 73.56175971014028 14.815989268121026 1665.2554255788825 2145.3664683218162
14.174741629268063 41614.88090384587 3256.254424843659 68.62795796632311 16.87347139292057 1817.3327670350516 2332.8296791180937
15.556761439304722 47349.09926117102 3284.682819890757 63.694436124645605 19.18599573283514 1980.313399828036 2531.4313074618667
17.07352647470692 53840.31160009126 3304.2237329281056 58.84582962394822 21.804888933443806 2154.8448295963713 2741.4638340474758
18.73817422860385 61246.60874468481 3320.3074385662912 54.177381930255336 24.79414856428892 2341.6272355104124 2963.2059518707315
20.565123083486537 69748.6121829594 3339.522432503716 49.78713036440703 28.226864709053817 2541.402333697602 3196.9050156045737
22.570197196339215 79531.34100593907 3368.5100297707963 45.76343835095171 32.177870759775 2754.9698141074628 3442.7963373146536
24.770763559917114 90759.34367541206 3412.3891921144054 42.168327329523436 36.71367637282422 2983.221008744639 3701.1189418450003
27.185882427329428 103551.9359954447 3473.145940810361 39.02082009480068 41.88245473904251 3227.109047006749 3972.1156215941514
29.836472402833405 117968.43423268266 3548.695747510707 36.28770401435141 47.70808447027577 3487.6229864011284 4256.029302581497
32.745491628777316 134013.36264906655 3633.22851280998 33.88895368051061 54.192276792303986 3765.864641262672 4553.104468279391
35.938136638046295 151667.19973714958 3718.931560205168 31.71952999662001 61.32702982206781 4063.082281369221 4863.5872470558015
39.4420605943766 170938.1844112552 3798.5382880963302 29.680236291364892 69.11559146920432 4380.573807445914 5187.693183163868
43.287612810830616 191916.0619621821 3867.7576872206714 27.70548513407458 77.5941964704074 4719.682705698023 5525.621075555088
47.50810162102798 214795.83138690947 3926.456978701674 25.775879410098586 86.84166360538131 5081.949190478886 5877.57902794088
52.140082879996896 239842.53611604552 3977.836907991614 23.91058589977448 96.96514828516831 5469.1027851572835 6243.795866650134
57.2236765935022 267300.8857154499 4025.863035457064 22.144135215819837 108.06358842021022 5882.919176604596 6624.509458917667
62.802914418342596 297305.44352072285 4072.429654842367 20.500040379747173 120.19138375845 6325.253978945244 7019.938781528686
68.92612104349702 329867.49661352456 4116.33163849314 18.977866308455205 133.35308599279085 6798.255570925832 7430.299529872653
75.64633275546291 364956.9016300099 4154.6680578944315 17.559564875616875 147.5364925688873 7304.294668502831 7855.80545792339
83.02175681319753 402599.98056259216 4185.200474499413 16.226260042969507 162.7522301984786 7845.814732837805 8296.661905789011
91.11627561154896 442892.30433002854 4207.392880587544 14.968971548322518 179.03892597905767 8425.398200142934 8753.095864315374
100.0 485925.22904270655 4221.470488661799 13.785813711705925 196.43350684221986 9046.022281149944 9225.422429999217