0.01 0.0017019565757819056
0.010473708979594498 0.001988341818098087
0.010969857978923836 0.0023199838529374354
0.011489510001873092 0.0027033149793625187
0.012033778407775893 0.0031455509399189573
0.012603829296797275 0.003654697243432196
0.01320088400831418 0.0042395823617068324
0.013826221737646556 0.004909929789215482
0.014481182276745337 0.005676337588980046
0.015167168884709226 0.006550245428296983
0.015885651294280528 0.0075438482641610165
0.01663816886076129 0.008670990735305854
0.0174263338600965 0.009944722260996146
0.018251834943190434 0.011379748151917982
0.019116440753857017 0.012991347675169984
0.020022003718155844 0.014793999541785568
0.02097046401323233 0.016804192440712264
0.02196385372416546 0.019035589886959418
0.02300430119772918 0.02150551052565637
0.024094035602395245 0.024227085575950724
0.02523539170434766 0.027215020327752176
0.026430814869741057 0.03048469212076637
0.027682866303920667 0.03405054815124295
0.028994228538828767 0.03792907887774055
0.030367711180354574 0.04213894992169238
0.031806256927941194 0.046703258759879206
0.03331294787934674 0.051652231263219536
0.034891012134067735 0.05702456783473432
0.03654383070957257 0.06287312868183068
0.03827494478516311 0.06926747087750776
0.04008806328898465 0.07629977022898814
0.0419870708444391 0.08408735167233243
0.043976036093027214 0.09277353510659893
0.04605922041145106 0.10253863914113064
0.04824108704165369 0.11359032731898114
0.0505263106533568 0.1261549083199049
0.05291978735958442 0.14047992555389482
0.05542664520663107 0.156790947442519
0.05805225516094899 0.1752890960756881
0.06080224261649424 0.19607844594000443
0.06368249944718586 0.2191709052536842
0.06669919663030122 0.24436557384888694
0.0698587974678525 0.2713016552419007
0.07316807143427195 0.2994802691469323
0.07663410868007459 0.3282632979165834
0.08026433522257174 0.35715168881986664
0.08406652885618325 0.38592009677775585
0.08804883581643465 0.41490071992131217
0.09221978823334327 0.4451664379510447
0.09658832241158703 0.4785845329649432
0.1011637979766207 0.5177137704692735
0.10595601792776159 0.5653553353628085
0.11097524964120721 0.6239328540074371
0.11623224686798524 0.6946512333444149
0.12173827277396614 0.7765265186482976
0.12750512407130135 0.8659397811070874
0.13354515629298988 0.9573698150154982
0.13987131026472385 1.0456868339277712
0.14649713983072857 1.1298414319303862
0.15343684089300125 1.2151201318710338
0.16070528182616392 1.312629288307976
0.16831803533309567 1.4350966041388027
0.1762914118095948 1.5903024521533822
0.18464249428955434 1.7753782479147173
0.1933891750455231 1.9766313725688593
0.20255019392306675 2.176365821302882
0.21214517849106299 2.3726815471958345
0.22219468609395238 2.5857101313431596
0.23272024789604084 2.8434451652073958
0.24374441501222205 3.1611161684632236
0.2552908068239518 3.5255055756306444
0.26738416158399464 3.9085672997139866
0.2800503894183631 4.3076551601438515
0.29331662783900436 4.758440788089909
0.30721129988617574 5.295762238147994
0.3217641750250737 5.911360134689192
0.33700643292719284 6.577997730617864
0.352970730273065 7.309409193123298
0.3696912707195028 8.149576983599443
0.3872038781812555 9.10852319576375
0.40554607358408296 10.16901824237584
0.42475715525368984 11.351868522551593
0.4448782831127585 12.693155786156263
0.4659525668664682 14.19691931303871
0.48802515836544313 15.871504115779167
0.5111433483440168 17.753033248622316
0.5353566677410724 19.855937392878385
0.5607169938205459 22.198870986381074
0.5872786613189482 24.813796624286333
0.6150985788580501 27.720561488557173
0.6442363508721374 30.948133594293456
0.6747544053110693 34.52418148003799
0.7067181273927491 38.476388607404296
0.7401959996915645 42.834155398264144
0.775259748862946 47.62586411749772
0.8119844993184013 52.87956330309408
0.8504489341802677 58.62279220491449
0.890735463861044 64.88141081301004
0.9329304026284686 71.67895916179565
0.9771241535346497 79.03639428897104
1.0234114021054528 86.97176246649995
1.0718913192051276 95.49940625456625
1.1226677735108135 104.62957539429108
1.175849554052157 114.3688500135333
1.231550603292826 124.71969539529287
1.289890261253308 135.68016116165398
1.3509935211980264 147.2440598526264
1.414991297434576 159.4023995032027
1.4820207057988586 172.14508249085807
1.552225357427048 185.460622033273
1.625755666443795 199.33715174572274
1.7027691722258995 213.763786537348
1.7834308769319094 228.733401696566
1.8679135990207827 244.24513769078422
1.9563983435170649 260.3046176945132
2.049074689815848 276.925215861951
2.1461411978584035 294.1290660394821
2.247805833548725 311.94797155448276
2.354286414322418 330.4233664740102
2.4658110758226037 349.6047229855982
2.5826187606826774 369.5478118833084
2.704959730463134 390.3125680322375
2.833096101839324 411.96062624821366
2.9673024081888695 434.5528843280822
3.107866187782014 458.1474659273686
3.2550885998350596 482.79824202138957
3.409285069746811 508.55430477667363
3.5707859649004625 535.459974807298
3.739937302478798 563.5552045993043
3.9171014908092605 592.8762893080236
4.102658105827195 623.4565847631621
4.297004704320839 655.327688815134
4.500557675700498 688.5200258183507
4.7137531341167245 723.064483022686
4.937047852839004 758.9944499887921
5.17092024289676 796.3453877704287
5.415871378079471 835.1543478837065
5.672426068491977 875.4592212281891
5.941133984965034 917.2972479001179
6.222570836730231 960.7049152442318
6.517339604882427 1005.721081241983
6.826071834272386 1052.390759930403
7.149428986597577 1100.7617089179773
7.488103857590023 1150.8781056405335
7.842822061337682 1202.7827066453513
8.21434358491943 1256.525503530093
8.603464416684501 1312.1633550976703
9.01101825166502 1369.746967204432
9.437878277775381 1429.3176007504658
9.884959046625585 1490.928461013816
10.353218432956627 1554.65871091093
10.843659686896109 1620.5795510734017
11.357333583431052 1688.7205983274691
11.895340673703195 1759.116171969965
12.458833642950081 1831.8694051550306
13.049019780144029 1907.1078989303107
13.667163564620074 1984.8649195326939
14.314589375234785 2065.1200605661757
14.992684327860456 2147.971202693333
15.702901247293775 2233.632107755382
16.446761779946645 2322.194905891748
17.225859653987875 2413.5743118660484
18.04186409392072 2507.8021117125413
18.896523396912094 2605.163241247947
19.791668678535572 2705.8756114741277
20.72921779595372 2809.837374152393
21.711179456945054 2916.95961163513
22.739657523579275 3027.532726962355
23.81685551976158 3141.927651855913
24.945081352303166 3260.131291394334
26.126752255633292 3381.9270119718863
27.36439997074672 3507.5228943477455
28.660676169482503 3637.4070010056835
30.01835813575589 3771.7495900483605
31.440354715915 3910.2846142120993
32.929712550971516 4053.0499050273334
34.489622604057594 4225.570918288969
36.123426997094306 4415.705927427273
37.83462617131929 4616.395811603488
39.626886387014785 4828.3462055995715
41.50404757850477 5053.086530199195
43.470131581250264 5292.348613149076
45.52935074866948 5547.618556137526
47.68611697714469 5820.27439250107
49.9450511585514 6112.646969724013
52.31099308056263 6427.703247927609
54.78901179593945 6768.503713221011
57.38441648302393 7138.045385386346
60.10276782070382 7540.270921308008
62.94988990221888 7980.376762772194
65.93188271333548 8464.127135354403
69.0551352016233 8997.697988118322
72.32633896483533 9588.245973240253
75.75250258771912 10244.881804606466
79.34096665797492 10978.04262637953
83.09941949353396 11799.405950889619
87.03591361485165 12722.027255239476
91.15888299750827 13761.626122635496
95.47716114208056 14936.432794481278
100.0 16267.018907241498