0.01 0.0013785408854506999
0.010473708979594498 0.0016103834261531969
0.010969857978923836 0.0018788553803411132
0.011489510001873092 0.0021891637374196328
0.012033778407775893 0.0025471502022283332
0.012603829296797275 0.002959296730413732
0.01320088400831418 0.0034327527950143233
0.013826221737646556 0.003975394065430189
0.014481182276745337 0.0045958065754145
0.015167168884709226 0.005303260904605814
0.015885651294280528 0.006107643461329288
0.01663816886076129 0.007020178723886161
0.0174263338600965 0.008051458942980236
0.018251834943190434 0.009213422055852592
0.019116440753857017 0.01051848089708193
0.020022003718155844 0.011978416810974259
0.02097046401323233 0.013606648254477495
0.02196385372416546 0.015414334762854245
0.02300430119772918 0.01741560551747202
0.024094035602395245 0.019621239633917417
0.02523539170434766 0.02204331648155035
0.026430814869741057 0.024694493831610577
0.027682866303920667 0.027586722705530746
0.028994228538828767 0.03073365241639117
0.030367711180354574 0.03415074586631229
0.031806256927941194 0.03785710909794872
0.03331294787934674 0.04187767644351236
0.034891012134067735 0.04624430829451823
0.03654383070957257 0.05100038684439471
0.03827494478516311 0.05620287453321762
0.04008806328898465 0.06192709993782411
0.0419870708444391 0.06826881035486786
0.043976036093027214 0.07534486842354852
0.04605922041145106 0.083302131620896
0.04824108704165369 0.09230969591323493
0.0505263106533568 0.10255192043608606
0.05291978735958442 0.11423055347010479
0.05542664520663107 0.127530005178473
0.05805225516094899 0.14261544177875762
0.06080224261649424 0.159574466595023
0.06368249944718586 0.1784212025112761
0.06669919663030122 0.1989994468928358
0.0698587974678525 0.2210255689434709
0.07316807143427195 0.2441064881604803
0.07663410868007459 0.2677393583707399
0.08026433522257174 0.29153599623913945
0.08406652885618325 0.31533162411171783
0.08804883581643465 0.3394129532436734
0.09221978823334327 0.3646642887805345
0.09658832241158703 0.3926085339053906
0.1011637979766207 0.4253219418154037
0.10595601792776159 0.4650727154899917
0.11097524964120721 0.5138260733198866
0.11623224686798524 0.5725759184676454
0.12173827277396614 0.640575507844245
0.12750512407130135 0.7149875634084963
0.13354515629298988 0.7914774110765861
0.13987131026472385 0.8660536487900707
0.14649713983072857 0.938012806989668
0.15343684089300125 1.0117152138582257
0.16070528182616392 1.0961278362666251
0.16831803533309567 1.2014553693422303
0.1762914118095948 1.3339600603164143
0.18464249428955434 1.4915245829333728
0.1933891750455231 1.663575284205983
0.20255019392306675 1.8365062796006508
0.21214517849106299 2.009264044494092
0.22219468609395238 2.19810520592373
0.23272024789604084 2.425313868414137
0.24374441501222205 2.7031235921317296
0.2552908068239518 3.02173171872693
0.26738416158399464 3.360068886887085
0.2800503894183631 3.7169927407871044
0.29331662783900436 4.120991818737496
0.30721129988617574 4.599753618378383
0.3217641750250737 5.147928730162208
0.33700643292719284 5.745965020392981
0.352970730273065 6.405896340960127
0.3696912707195028 7.162806469633227
0.3872038781812555 8.026006066596747
0.40554607358408296 8.984468069786521
0.42475715525368984 10.056207829253845
0.4448782831127585 11.270855775908347
0.4659525668664682 12.634141945074814
0.48802515836544313 14.155343005252224
0.5111433483440168 15.864721125565252
0.5353566677410724 17.776552323209554
0.5607169938205459 19.908524149902547
0.5872786613189482 22.288402405144492
0.6150985788580501 24.93516628752731
0.6442363508721374 27.874703367398716
0.6747544053110693 31.13205156781489
0.7067181273927491 34.73232262503003
0.7401959996915645 38.70187793402223
0.775259748862946 43.06624182913283
0.8119844993184013 47.8505101208511
0.8504489341802677 53.07911326567132
0.890735463861044 58.77485161126467
0.9329304026284686 64.9583167975861
0.9771241535346497 71.64758911959333
1.0234114021054528 78.85789697980614
1.0718913192051276 86.60096437927285
1.1226677735108135 94.88468112538509
1.175849554052157 103.7133873517499
1.231550603292826 113.08758620335671
1.289890261253308 123.00381852779446
1.3509935211980264 133.45493628157107
1.414991297434576 144.4313025443548
1.4820207057988586 155.92220789462073
1.552225357427048 167.91595872845986
1.625755666443795 180.4009193392256
1.7027691722258995 193.3668486649163
1.7834308769319094 206.807254913641
1.8679135990207827 220.72161883935865
1.9563983435170649 235.1161650364574
2.049074689815848 250.00537918072257
2.1461411978584035 265.413224638668
2.247805833548725 281.3739405966775
2.354286414322418 297.9316942962307
2.4658110758226037 315.138727327021
2.5826187606826774 333.0531391025789
2.704959730463134 351.7364599273017
2.833096101839324 371.25126856005176
2.9673024081888695 391.65906963541494
3.107866187782014 413.01857040448596
3.2550885998350596 435.38458274865104
3.409285069746811 458.8080356185584
3.5707859649004625 483.3366243381012
3.739937302478798 509.01537671074885
3.9171014908092605 535.8867468192764
4.102658105827195 563.9898325092278
4.297004704320839 593.3586550235494
4.500557675700498 624.0205403880917
4.7137531341167245 655.9997884529888
4.937047852839004 689.3265730512042
5.17092024289676 724.0419787073173
5.415871378079471 760.193912987761
5.672426068491977 797.8259314528457
5.941133984965034 836.9705429381481
6.222570836730231 877.6578174961447
6.517339604882427 919.9291763219973
6.826071834272386 963.8400982280068
7.149428986597577 1009.4485258801162
7.488103857590023 1056.8018728194468
7.842822061337682 1105.9331428006806
8.21434358491943 1156.870297814625
8.603464416684501 1209.660802159994
9.01101825166502 1264.3932529093372
9.437878277775381 1321.1755053880445
9.884959046625585 1380.0681855874147
10.353218432956627 1441.0550401481487
10.843659686896109 1504.1087311315007
11.357333583431052 1569.302933258105
11.895340673703195 1636.8442790872082
12.458833642950081 1706.9200146089788
13.049019780144029 1779.5236190809312
13.667163564620074 1854.5096721650816
14.314589375234785 1931.852825912124
14.992684327860456 2011.8084071546716
15.702901247293775 2094.7459546592167
16.446761779946645 2180.7747168005712
17.225859653987875 2269.6602739071595
18.04186409392072 2361.206751047397
18.896523396912094 2455.6003322416154
19.791668678535572 2553.3519896572375
20.72921779595372 2654.818792704456
21.711179456945054 2759.8138736821097
22.739657523579275 2867.994461620177
23.81685551976158 2979.3930249624586
24.945081352303166 3094.492910119671
26.126752255633292 3213.9040505696917
27.36439997074672 3337.663368206743
28.660676169482503 3465.329288461841
30.01835813575589 3596.770881370488
31.440354715915 3732.328221323634
32.929712550971516 3872.703531031
34.489622604057594 4026.0012143593435
36.123426997094306 4187.54340115471
37.83462617131929 4354.753414562285
39.626886387014785 4527.929945801721
41.50404757850477 4707.779754394072
43.470131581250264 4895.187339216149
45.52935074866948 5090.228225536801
47.68611697714469 5292.637289346528
49.9450511585514 5502.669504080883
52.31099308056263 5720.962754698048
54.78901179593945 5948.540002383912
57.38441648302393 6186.099057654439
60.10276782070382 6433.471997220267
62.94988990221888 6690.930342003895
65.93188271333548 6959.132937677122
69.0551352016233 7239.098932043069
72.32633896483533 7532.075363912508
75.75250258771912 7838.373590822695
79.34096665797492 8158.276439953408
83.09941949353396 8492.605863499426
87.03591361485165 8842.50360905507
91.15888299750827 9209.541415615467
95.47716114208056 9594.908579763442
100.0 9999.104001931888