0.01 0.0005624075419942691
0.010722672220103232 0.0006933623043852615
0.011497569953977356 0.0008548094562134067
0.012328467394420659 0.0010538490509369436
0.013219411484660288 0.001299234366311727
0.014174741629268055 0.0016017568522784936
0.01519911082952934 0.0019747207127105274
0.016297508346206444 0.0024345279919738873
0.01747528400007684 0.0030013998969854456
0.01873817422860384 0.00370026607676026
0.02009233002565047 0.004561860967801971
0.021544346900318846 0.005624075419942697
0.023101297000831605 0.006933623043852622
0.024770763559917114 0.008548094562134076
0.026560877829466867 0.01053849050936945
0.02848035868435802 0.012992343663117282
0.030538555088334154 0.016017568522784926
0.03274549162877728 0.019747207127105263
0.03511191734215131 0.024345279919738845
0.037649358067924674 0.030013998969854443
0.040370172585965536 0.03700266076760257
0.04328761281083057 0.04561860967801969
0.046415888336127795 0.05624075419942692
0.049770235643321115 0.06933623043852616
0.0533669923120631 0.0854809456213407
0.05722367659350217 0.10538490509369443
0.06135907273413173 0.12992343663117276
0.06579332246575682 0.16017568522784942
0.07054802310718646 0.19747207127105287
0.07564633275546291 0.2434527991973888
0.08111308307896872 0.3001399896985447
0.08697490026177834 0.37002660767602613
0.093260334688322 0.45618609678019734
0.1 0.5624075419942691
0.10722672220103231 0.6933623043852613
0.11497569953977356 0.8548094562134066
0.12328467394420659 1.0538490509369436
0.13219411484660293 1.2992343663117283
0.14174741629268056 1.6017568522784942
0.1519911082952934 1.974720712710527
0.16297508346206444 2.4345279919738867
0.17475284000076838 3.001399896985445
0.1873817422860384 3.70026607676026
0.20092330025650468 4.56186096780197
0.21544346900318845 5.624075419942696
0.23101297000831603 6.933623043852618
0.24770763559917114 8.548094562134075
0.26560877829466867 10.53849050936945
0.2848035868435802 12.992343663117282
0.30538555088334157 16.01756852278493
0.32745491628777285 19.74720712710527
0.3511191734215131 24.345279919738854
0.37649358067924676 30.01399896985445
0.4037017258596556 37.00266076760263
0.43287612810830595 45.618609678019766
0.464158883361278 56.24075419942694
0.49770235643321115 69.33623043852617
0.533669923120631 85.48094562134071
0.5722367659350217 105.38490509369441
0.6135907273413173 129.92343663117276
0.6579332246575682 160.1756852278494
0.7054802310718645 197.47207127105284
0.7564633275546291 243.4527991973888
0.8111308307896873 300.1399896985448
0.8697490026177834 370.0266076760261
0.9326033468832199 456.1860967801973
1.0 562.407541994269
1.072267222010323 693.3623043852612
1.1497569953977356 854.8094562134064
1.232846739442066 1053.8490509369437
1.3219411484660286 1299.2343663117265
1.4174741629268048 1601.7568522784914
1.5199110829529332 1974.7207127105248
1.629750834620645 2434.52799197389
1.7475284000076847 3001.39989698545
1.873817422860385 3700.2660767602656
2.0092330025650478 4561.8609678019775
2.1544346900318843 5624.075419942694
2.31012970008316 6933.623043852618
2.4770763559917115 8548.094562134076
2.656087782946687 10538.49050936945
2.848035868435802 12992.343663117279
3.0538555088334154 16017.568522784926
3.2745491628777286 19747.20712710527
3.511191734215131 24345.279919738852
3.7649358067924674 30013.99896985444
4.037017258596554 37002.660767602574
4.328761281083057 45618.6096780197
4.641588833612782 56240.75419942701
4.9770235643321135 69336.23043852625
5.336699231206313 85480.94562134086
5.72236765935022 105384.90509369459
6.135907273413176 129923.43663117297
6.5793322465756825 160175.68522784943
7.054802310718645 197472.07127105282
7.56463327554629 243452.79919738878
8.111308307896872 300139.98969854467
8.697490026177835 370026.60767602624
9.326033468832199 456186.09678019723
10.0 562407.541994269