0.01 9.628235939908909e-05 0.0005210613880602419 0.0016174483849923597 0.0017020324735365993
0.010473708979594498 0.00011062303724813376 0.0006039469918335014 0.0018912589898283226 0.0019884290261211702
0.010969857978923836 0.00012709959742676568 0.0006995472297145094 0.002208454072791672 0.0023200840557827673
0.011489510001873092 0.00014603013592575916 0.0008097046895338782 0.0025751869616426116 0.0027034301123324334
0.012033778407775893 0.00016778011752286378 0.0009365110992158167 0.0029983528401198644 0.0031456832263667715
0.012603829296797275 0.00019276942830541105 0.0010823277247781421 0.0034855888445511313 0.003654849237598169
0.01320088400831418 0.000221480477864768 0.0012498130866851734 0.004045300118366823 0.0042397569979166685
0.013826221737646556 0.00025446750730188467 0.0014419599123120385 0.004686723676625804 0.004910130438392882
0.014481182276745337 0.00029236728238551094 0.0016621213176868524 0.005419898500775493 0.0056765681235432216
0.015167168884709226 0.000335911377848744 0.001914039105478064 0.006255621711380876 0.006550510296684322
0.015885651294280528 0.0003859402894043967 0.002201868099026303 0.007205349753040141 0.007544152576408492
0.01663816886076129 0.0004434196451889573 0.002530354643158208 0.00828207872834228 0.00867134036146382
0.0174263338600965 0.0005094588286782814 0.002904509400399775 0.009497882242995838 0.009945123943769858
0.018251834943190434 0.00058533237142328 0.003330032777238378 0.010866344329465804 0.011380209636427245
0.019116440753857017 0.0006725045271109031 0.003813205037104841 0.012401455369325125 0.012991877857775194
0.020022003718155844 0.000772657499473624 0.004360734166523774 0.014116212053926727 0.014794608640785563
0.02097046401323233 0.0008877238666052389 0.004980251396102369 0.016025399963168284 0.01680489219278821
0.02196385372416546 0.001019923824616784 0.005679629418607239 0.01814072360466287 0.01903639377197011
0.02300430119772918 0.0011718079658003392 0.006468058155406279 0.020477250652707342 0.021506434025756898
0.024094035602395245 0.0013463064122971927 0.007354891170044325 0.02304552269702895 0.02422814647178494
0.02523539170434766 0.0015467852476780562 0.008350617564025302 0.025857268013980392 0.027216239039401752
0.026430814869741057 0.0017771113281104805 0.009466805284317202 0.028924440953983024 0.0304860920989248
0.027682866303920667 0.002041726714513451 0.010715924774854196 0.032257551963591424 0.034052156325861255
0.028994228538828767 0.002345734150253394 0.012111925685466181 0.03586856489824153 0.03793092617341798
0.030367711180354574 0.0026949952189163034 0.013670378663837548 0.03977094020199201 0.042141071849124946
0.031806256927941194 0.0030962430573745463 0.015409004509570995 0.04398179062605946 0.04670569609502519
0.03331294787934674 0.0035572117751796768 0.0173483435813977 0.048524462172616405 0.05165503082733936
0.034891012134067735 0.004086785047299227 0.019512262938722297 0.05342974697085635 0.05702778339004943
0.03654383070957257 0.004695166709125262 0.021929338590926023 0.058741418594465945 0.0628768219612937
0.03827494478516311 0.005394076597059956 0.024633816296993884 0.06451859594065598 0.0692717127682189
0.04008806328898465 0.006196975352271304 0.02766734688402281 0.07084146966305585 0.07630464213361575
0.0419870708444391 0.007119322447866662 0.031080244046902794 0.0778136069434132 0.08409294707450643
0.043976036093027214 0.008178872320348043 0.034932499196441265 0.08556253724201748 0.09277996137008009
0.04605922041145106 0.009396014195663448 0.039296952618142235 0.0942504671829187 0.10254601958163008
0.04824108704165369 0.010794162010756881 0.044258343468582546 0.10406427472785135 0.11359880357966456
0.0505263106533568 0.01240020175714175 0.04991229658805766 0.11520640091796785 0.12616464309299813
0.05291978735958442 0.014245004629348261 0.056366596813581006 0.1278969795907443 0.14049110570306655
0.05542664520663107 0.016364015565750806 0.06373230582014192 0.14233003893044557 0.1568037875579872
0.05805225516094899 0.018797928142051896 0.0721233632791023 0.15867039918827378 0.1753038425468457
0.06080224261649424 0.021593458340726596 0.0816401465454881 0.17698024665453557 0.19609538157993858
0.06368249944718586 0.024804231497721724 0.09236981773883829 0.19722316908133836 0.21919035460481592
0.06669919663030122 0.028491798748123586 0.10435662649950696 0.21914233288975835 0.24438790918256745
0.0698587974678525 0.03272680158575889 0.11761047716955235 0.24231227314678222 0.2713273034540465
0.07316807143427195 0.037590305751283595 0.13210698648323205 0.26615932294136235 0.2995097196298649
0.07663410868007459 0.04317532860593169 0.14777958906798733 0.2899587513096673 0.3282971114804315
0.08026433522257174 0.04958858747368185 0.16458171916405945 0.31311162342215393 0.357190508010346
0.08406652885618325 0.05695250018625532 0.1825213389665514 0.3352776320514594 0.3859646577209394
0.08804883581643465 0.06540747328914823 0.20174812843491183 0.35665754782799297 0.414951866258892
0.09221978823334327 0.07511451811148086 0.22263590546973075 0.37817520519590536 0.4452251374983358
0.09658832241158703 0.08625824021839101 0.24584670634441558 0.4015302632286806 0.47865189784901563
0.1011637979766207 0.0990502537035489 0.27235095925270747 0.4290939361849343 0.5177910812627886
0.10595601792776159 0.11373307839225112 0.3033154257394335 0.46345607557885204 0.565444068501052
0.11097524964120721 0.13058458536117215 0.3398866661056261 0.5067978303169997 0.6240347110092235
0.11623224686798524 0.1499230642829512 0.3828604243760587 0.5600390885487518 0.6947681702984978
0.12173827277396614 0.17211299500753446 0.4322918529509715 0.621854349380023 0.7766607760284406
0.12750512407130135 0.1975716155196365 0.48728336601654065 0.6882143931352379 0.8660939169477828
0.13354515629298988 0.22677638896583965 0.5461607731629976 0.7531113122717428 0.957546745285083
0.13987131026472385 0.2602734838020198 0.6071770639939766 0.8108510188079285 1.0458898833589707
0.14649713983072857 0.2986873932121547 0.6698335353324926 0.8597540518364587 1.130074401784726
0.15343684089300125 0.3427318326851748 0.7360065902586355 0.9044311489960987 1.215387392280455
0.16070528182616392 0.39322206783656183 0.810311769462084 0.9552863043186584 1.3129359015508852
0.16831803533309567 0.4510888379744754 0.8988034602272946 1.024296579129729 1.4354484601958322
0.1762914118095948 0.5173940541824361 1.005957025942154 1.1183472700651682 1.5907063719643344
0.18464249428955434 0.5933484633402997 1.1314940279348475 1.2333992926855557 1.7758420395400456
0.1933891750455231 0.6803314808925826 1.2697749114423689 1.354251759378855 1.9771638974558217
0.20255019392306675 0.7799134044655889 1.412544252851761 1.4613976993142883 2.1769771290233484
0.21214517849106299 0.8938802265680605 1.5582415394098457 1.5510670708466827 2.3733831576162836
0.22219468609395238 1.0242612662452155 1.7163905524784728 1.6416316161470252 2.5865154229776213
0.23272024789604084 1.1733598350341807 1.9022268248638199 1.759317790869015 2.8443697518028768
0.24374441501222205 1.343787139865072 2.1255888489882184 1.9171537774094647 3.1621781161796036
0.2552908068239518 1.5384996022323552 2.3803325744607373 2.0987682938783925 3.5267254702481754
0.26738416158399464 1.7608397361489954 2.6504221243686366 2.2721267127677014 3.909968518110674
0.2800503894183631 2.0145806737514005 2.93314413899308 2.430615377172043 4.309264547797837
0.29331662783900436 2.3039743531512067 3.2493929495714227 2.6064350002344296 4.760289462958114
0.30721129988617574 2.633803284025631 3.621938529555234 2.8305898040039996 5.297886096298441
0.3217641750250737 3.00943567798775 4.046358170397493 3.0892254718150505 5.913800094592229
0.33700643292719284 3.4368835683403525 4.503850767163896 3.348147726385347 6.580800376315186
0.352970730273065 3.9228633429024717 5.002057756925312 3.6145659093558233 7.3126277987999595
0.3696912707195028 4.474857870282954 5.571019855237532 3.9262238182220806 8.153272266854486
0.3872038781812555 5.101179111471949 6.217655824065945 4.284996318239201 9.112763890345366
0.40554607358408296 5.811029774033809 6.9275669947459555 4.663541964681344 10.173882010213449
0.42475715525368984 6.614562187468782 7.713949521531159 5.072874396285311 11.357442704812982
0.4448782831127585 7.522932161438557 8.602605929729783 5.538855755067912 12.699537793293013
0.4659525668664682 8.548345144845529 9.594115448549067 6.052977316171348 14.204217343647517
0.48802515836544313 9.70409155134631 10.691478227586154 6.610003071781723 15.879837534963114
0.5111433483440168 11.00456768211176 11.920541804853038 7.232407465094903 17.762532041704752
0.5353566677410724 12.465278295283781 13.288919724630802 7.918894532872976 19.866742084431458
0.5607169938205459 14.10281658947486 14.807175923103896 8.671359530457583 22.2111316839231
0.5872786613189482 15.934817241521664 16.497306204141175 9.504406238472676 24.8276710639522
0.6150985788580501 17.979878230548923 18.370287961813492 10.418926222576294 27.736213234989464
0.6442363508721374 20.257447560148325 20.444969393271364 11.424334055253702 30.96572885869137
0.6747544053110693 22.78767172643086 22.738840512341124 12.527856380337786 34.54388565352242
0.7067181273927491 25.591203931630854 25.269228149998327 13.73609428580097 38.49836225341801
0.7401959996915645 28.68897165203106 28.05501655092113 15.057033205546203 42.85854987136664
0.775259748862946 32.10190524650836 31.1141760549024 16.497476525275342 47.65281737456112
0.8119844993184013 35.8506318080221 34.464534619733975 18.06408290311804 52.90919616399335
0.8504489341802677 39.955141334695405 38.12377538308137 19.763541492338387 58.655205573371816
0.890735463861044 44.43443539509875 42.10845152248538 21.601739990202972 64.9166843662478
0.9329304026284686 49.306171597922116 46.43350025658109 23.583497558190395 71.71715178950451
0.9771241535346497 54.58632012458486 51.11212964826757 25.712685362498274 79.07754631041483
1.0234114021054528 60.28885110332842 56.15563064337863 27.992254591041515 87.01589933687151
1.0718913192051276 66.42547346906998 61.57267711638809 30.423737648216594 95.54654313661283
1.1226677735108135 73.00544699119462 67.36898601176418 33.00709854878789 104.67972163340329
1.175849554052157 80.03548927631866 73.5477744211595 35.74132442096517 114.42201246862496
1.231550603292826 87.51979879069542 80.10924692872105 38.62400307208062 124.77588002960631
1.289890261253308 95.46021342325918 87.05013739781114 41.65091358615227 135.7393729555029
1.3509935211980264 103.85652197951818 94.36365724450305 44.815953443700515 147.3063021371052
1.414991297434576 112.7069432887967 102.04069349707098 48.11217253719048 159.46767490973087
1.4820207057988586 122.00878401661929 110.07121882977609 51.53288372105031 172.21339871361286
1.552225357427048 131.75928098299104 118.44344989455521 55.070557241061984 185.5320059259854
1.625755666443795 141.956625492235 127.14426204182067 58.716850401338945 199.4116732098576
1.7027691722258995 152.60115442152232 136.15986709159665 62.46281713552171 213.84158917686753
1.7834308769319094 163.69667448239645 145.4779556967864 66.3004041387085 228.8147294630918
1.8679135990207827 175.2518617280299 155.0894920405892 70.22356391825852 244.33033890601925
1.9563983435170649 187.28164837114994 164.98794131354788 74.22704523864623 260.3941067696383
2.049074689815848 199.80847516799415 175.16970153196345 78.30638456851531 277.01938731422445
2.1461411978584035 212.86325585364955 185.63444693033634 82.4579497985397 294.22818876634955
2.247805833548725 226.48588288225378 196.38573499250086 86.67939626408352 312.0521267195671
2.354286414322418 240.7251179439623 207.43104686115745 90.96982719753605 330.53249624114085
2.4658110758226037 255.6377678321197 218.7805742201033 95.3290853810395 349.71880492454557
2.5826187606826774 271.28714220068764 230.4462670500161 99.75750275646959 369.66708654803244
2.704959730463134 287.74090532988316 242.4407493400146 104.25568965211741 390.43769588174655
2.833096101839324 305.0685421391198 254.77608669373237 108.82426072321257 412.0926952468509
2.9673024081888695 323.3387349920868 267.4627454582439 113.46368988341493 434.6933018535069
3.107866187782014 342.61698750047896 280.5089997613366 118.17440654806421 458.297817400428
3.2550885998350596 362.96383386389255 293.9205926891964 122.95687545767083 482.96009433726203
3.409285069746811 384.43388349383116 307.70078717940766 127.81172870642223 508.7288307181929
3.5707859649004625 407.07573668079397 321.8504578926877 132.73968255126618 535.6474549213827
3.739937302478798 430.9326106956675 336.3685846748665 137.74162433905437 563.7548179773879
3.9171014908092605 456.0434600545353 351.25321610537173 142.8190025732772 593.0866098462393
4.102658105827195 482.4443353855739 366.5020880498592 147.97392260431954 623.6766783049081
4.297004704320839 510.16965838275087 382.1130030957013 153.20912916431683 655.5581322266368
4.500557675700498 539.2532244040337 398.0825742658232 158.52679757972578 688.7630372741667
4.7137531341167245 569.7290411287395 414.40600467351965 163.92823842710794 723.3228769842393
4.937047852839004 601.6319919088066 431.0786545585018 169.41504350692702 759.2702529867613
5.17092024289676 634.9981660980684 448.09620678024254 174.9891585320622 796.6392452562899
5.415871378079471 669.8650118339855 465.45466648754314 180.65285153065597 835.4655189776133
5.672426068491977 706.2713171222432 483.14978626507536 186.4082726059068 875.7858947559582
5.941133984965034 744.2571278552833 501.17694379697883 192.2573746949749 917.6382181893251
6.222570836730231 783.863937030245 519.5317732487226 198.20230662046205 961.0619592623516
6.517339604882427 825.1347448657091 538.210309061048 204.24545858351294 1006.0983507173527
6.826071834272386 868.1139613978501 557.2088984382831 210.3893938213595 1052.790246680312
7.149428986597577 912.8472189927013 576.5235810508876 216.6364115727123 1101.1815561248516
7.488103857590023 959.3816050128178 596.1502506562862 222.9885668207822 1151.3175436547942
7.842822061337682 1007.7658344873842 616.0852788167119 229.448043138701 1203.245383300887
8.21434358491943 1058.0499591343264 636.3252894656998 236.01706539014495 1257.013780828648
8.603464416684501 1110.2853550007164 656.8671004481748 242.69784950272816 1312.6729232118366
9.01101825166502 1164.5251931869175 677.7077950564621 249.49245922690264 1370.2748878449195
9.437878277775381 1220.8243851081597 698.8445793897865 256.4027339840952 1429.873521473743
9.884959046625585 1279.2390857264713 720.27472732622 263.43039915421946 1491.5240180679994
10.353218432956627 1339.8275370779404 741.9962063049312 270.57724157915175 1555.2839750167273
10.843659686896109 1402.6499126300303 764.0074478595709 277.84500312970107 1621.2131271211908
11.357333583431052 1467.7678716646535 786.3067769367076 285.23509886468776 1689.3726451472833
11.895340673703195 1535.2457829515306 808.8930906606694 292.74877795963187 1759.8265520175235
12.458833642950081 1605.1492986073354 831.7653591471814 300.387120325045 1832.6402553567445
13.049019780144029 1677.5473644480257 854.9234178742967 308.1511916926051 1907.8826922371193
13.667163564620074 1752.5100660381484 878.3672500318639 316.0419292710772 1985.624097998148
14.314589375234785 1830.1113408197268 902.0978579306357 324.0603300297302 2065.9388090112925
14.992684327860456 1910.4263366109014 926.1165962474549 332.20737245303536 2148.9026212868907
15.702901247293775 1993.5342404249825 950.4256461507719 340.4839952924827 2234.5954953096666
16.446761779946645 2079.5161933303134 975.0276980421655 348.8910850562834 2323.099567281642
17.225859653987875 2168.456658892212 999.9258772423821 357.42942778676405 2414.500328705899
18.04186409392072 2260.4439003124003 1025.1238839281193 366.0994742448718 2508.8870897076613
18.896523396912094 2355.567869274934 1050.6249028127359 374.90125690078054 2606.3506336631885
19.791668678535572 2453.9245211621355 1076.4335356015315 383.8348026974243 2706.987969661151
20.72921779595372 2555.6106570596617 1102.5542613267185 392.9000135285698 2810.8970365841174
21.711179456945054 2660.729170636448 1128.9922750903118 402.0966869701619 2918.18180077282
22.739657523579275 2769.386410542857 1155.7543468182141 411.4248465660318 3028.950248099253
23.81685551976158 2881.690414697436 1182.8459123925293 420.8843213311641 3143.311583436359
24.945081352303166 2997.7606711418657 1210.276754800557 430.47529379693185 3261.387410784719
26.126752255633292 3117.7083840501873 1238.0517033624844 440.1974388157743 3383.2900220518413
27.36439997074672 3241.6689981024624 1266.1836292015478 450.05101171779165 3509.1572762224314
28.660676169482503 3369.756903750744 1294.677024987694 460.0356334236144 3639.104693935894
30.01835813575589 3502.123462030537 1323.547136042898 470.15159791196635 3773.286139381864
31.440354715915 3638.8900285659006 1352.7993403411929 480.39860624411745 3911.824320710888
32.929712550971516 3780.2197601936864 1382.4496598329902 490.7769432568881 4054.884770910726
34.489622604057594 3926.24886501126 1470.3744736995855 543.2017803290663 4227.587895841103
36.123426997094306 4077.1448456201583 1584.587806352155 617.3310979044215 4417.592816528798
37.83462617131929 4233.06900994248 1707.705007838585 701.689666823976 4618.170419685694
39.626886387014785 4394.185051636491 1840.431277566894 797.7008110308441 4830.359835394395
41.50404757850477 4560.6886201118705 1983.5363803795137 906.987528358196 5055.385607300821
43.470131581250264 4732.7345791042 2137.839572213029 1031.399713528367 5294.612356144215
45.52935074866948 4910.557388974533 2304.2468771903655 1173.0475509917696 5549.699820561625
47.68611697714469 5094.304427971799 2483.7123079330922 1334.3362966489262 5822.475228456208
49.9450511585514 5284.246244998238 2677.3000057466725 1518.0102987797254 6115.190018777047
52.31099308056263 5480.531854908491 2886.1250445919545 1727.1981103895293 6430.33128992751
54.78901179593945 5683.457810783654 3111.433593217401 1965.4698161494566 6770.951431678863
57.38441648302393 5893.190634988368 3354.534368107775 2236.8962910071573 7140.469291569876
60.10276782070382 6110.037708300812 3616.882526307041 2546.123172394026 7543.019502491351
62.94988990221888 6334.202308236314 3900.0194471034056 2898.4493615713022 7983.312550003544
65.93188271333548 6565.986671057869 4205.641088718555 3299.9220055693354 8466.940602984536
69.0551352016233 6805.648630322048 4535.566708161065 3757.440797719382 9000.365547684685
72.32633896483533 7053.473511416003 4891.772034107534 4278.879896912629 9591.127951504286
75.75250258771912 7309.785184358785 5276.4053183090155 4873.226324326611 10248.011872195539
79.34096665797492 7574.848741491405 5691.770739952571 5550.736940491033 10981.132373083656
83.09941949353396 7849.056003793675 6140.402620646128 6323.121383770891 11802.2916642586
87.03591361485165 8132.659037887305 6624.994407853651 7203.74523417512 12724.961270256304
91.15888299750827 8426.109305286507 7148.530380115227 8207.870684506552 13764.808236719038
95.47716114208056 8729.66309552377 7714.168377113761 9352.920987627414 14939.6299322511
100.0 9043.81466328076 8325.414867172221 10658.795657173843 16270.004340371035