0.01 0.00029980046778720656
0.010722672220103232 0.00036960802919466367
0.011497569953977356 0.00045567005366424897
0.012328467394420659 0.0005617713399213605
0.013219411484660288 0.00069257796473405
0.014174741629268055 0.0008538424856317969
0.01519911082952934 0.0010526569244082697
0.016297508346206444 0.0012977646570078488
0.01747528400007684 0.001599944925955277
0.01873817422860384 0.001972486885250841
0.02009233002565047 0.002431774025073736
0.021544346900318846 0.0029980046778720687
0.023101297000831605 0.003696080291946641
0.024770763559917114 0.004556700536642495
0.026560877829466867 0.005617713399213612
0.02848035868435802 0.006925779647340506
0.030538555088334154 0.008538424856317964
0.03274549162877728 0.01052656924408269
0.03511191734215131 0.012977646570078475
0.037649358067924674 0.01599944925955276
0.040370172585965536 0.019724868852508397
0.04328761281083057 0.024317740250737345
0.046415888336127795 0.02998004677872066
0.049770235643321115 0.03696080291946638
0.0533669923120631 0.04556700536642491
0.05722367659350217 0.056177133992136086
0.06135907273413173 0.06925779647340502
0.06579332246575682 0.08538424856317972
0.07054802310718646 0.10526569244082702
0.07564633275546291 0.12977646570078494
0.08111308307896872 0.15999449259552778
0.08697490026177834 0.19724868852508418
0.093260334688322 0.24317740250737369
0.1 0.29980046778720654
0.10722672220103231 0.3696080291946636
0.11497569953977356 0.45567005366424895
0.12328467394420659 0.5617713399213604
0.13219411484660293 0.6925779647340506
0.14174741629268056 0.8538424856317971
0.1519911082952934 1.0526569244082695
0.16297508346206444 1.2977646570078485
0.17475284000076838 1.5999449259552765
0.1873817422860384 1.972486885250841
0.20092330025650468 2.431774025073735
0.21544346900318845 2.998004677872068
0.23101297000831603 3.696080291946639
0.24770763559917114 4.556700536642494
0.26560877829466867 5.617713399213611
0.2848035868435802 6.925779647340506
0.30538555088334157 8.538424856317965
0.32745491628777285 10.526569244082692
0.3511191734215131 12.977646570078479
0.37649358067924676 15.999449259552765
0.4037017258596556 19.724868852508425
0.43287612810830595 24.317740250737383
0.464158883361278 29.98004677872067
0.49770235643321115 36.96080291946639
0.533669923120631 45.567005366424915
0.5722367659350217 56.17713399213608
0.6135907273413173 69.25779647340502
0.6579332246575682 85.38424856317971
0.7054802310718645 105.26569244082701
0.7564633275546291 129.77646570078494
0.8111308307896873 159.99449259552782
0.8697490026177834 197.24868852508416
0.9326033468832199 243.17740250737364
1.0 299.80046778720646
1.072267222010323 369.6080291946636
1.1497569953977356 455.6700536642489
1.232846739442066 561.7713399213605
1.3219411484660286 692.5779647340496
1.4174741629268048 853.8424856317955
1.5199110829529332 1052.6569244082682
1.629750834620645 1297.7646570078502
1.7475284000076847 1599.9449259552791
1.873817422860385 1972.4868852508441
2.0092330025650478 2431.774025073739
2.1544346900318843 2998.0046778720666
2.31012970008316 3696.080291946639
2.4770763559917115 4556.700536642495
2.656087782946687 5617.713399213612
2.848035868435802 6925.779647340504
3.0538555088334154 8538.424856317963
3.2745491628777286 10526.569244082693
3.511191734215131 12977.646570078477
3.7649358067924674 15999.44925955276
4.037017258596554 19724.868852508396
4.328761281083057 24317.740250737344
4.641588833612782 29980.046778720705
4.9770235643321135 36960.802919466434
5.336699231206313 45567.005366425
5.72236765935022 56177.133992136165
6.135907273413176 69257.79647340513
6.5793322465756825 85384.24856317972
7.054802310718645 105265.692440827
7.56463327554629 129776.46570078492
8.111308307896872 159994.49259552773
8.697490026177835 197248.68852508423
9.326033468832199 243177.4025073736
10.0 299800.46778720646