0.01 0.0013785408854506999
0.010722672220103232 0.0017417660225747375
0.011497569953977356 0.002194216561547529
0.012328467394420659 0.002755391749846328
0.013219411484660288 0.0034481393282638074
0.014174741629268055 0.0042988643400834236
0.01519911082952934 0.005337657465281133
0.016297508346206444 0.006598294386284664
0.01747528400007684 0.008118052104494532
0.01873817422860384 0.009936189446379827
0.02009233002565047 0.012095699711021283
0.021544346900318846 0.014638264965662865
0.023101297000831605 0.01760737136732614
0.024770763559917114 0.021044176873125806
0.026560877829466867 0.02498967372204152
0.02848035868435802 0.02948658111567322
0.030538555088334154 0.03458415301228714
0.03274549162877728 0.040347147673698
0.03511191734215131 0.046868916325112066
0.037649358067924674 0.054294770835461345
0.040370172585965536 0.0628454785727299
0.04328761281083057 0.0728413256058002
0.046415888336127795 0.08472623738463762
0.049770235643321115 0.09906629587040325
0.0533669923120631 0.11652325915023977
0.05722367659350217 0.13773305908181424
0.06135907273413173 0.16313971111092376
0.06579332246575682 0.1927516706268985
0.07054802310718646 0.22584982090068864
0.07564633275546291 0.2610841636509317
0.08111308307896872 0.29694214856139595
0.08697490026177834 0.3329619965782632
0.093260334688322 0.3711209963726805
0.1 0.4165712070863204
0.10722672220103231 0.4767075272880282
0.11497569953977356 0.5578789771701989
0.12328467394420659 0.6603923390099335
0.13219411484660293 0.7747332140160885
0.14174741629268056 0.8869495315585694
0.1519911082952934 0.9961072746216236
0.16297508346206444 1.1254342271297002
0.17475284000076838 1.3067500930882492
0.1873817422860384 1.5454533983529057
0.20092330025650468 1.80660896086652
0.21544346900318845 2.0692740332806645
0.23101297000831603 2.3858670999922342
0.24770763559917114 2.810575361245793
0.26560877829466867 3.31054988915982
0.2848035868435802 3.856462509868773
0.30538555088334157 4.533781756420491
0.32745491628777285 5.368977719838417
0.3511191734215131 6.326629637658481
0.37649358067924676 7.491071406886298
0.4037017258596556 8.885628568976639
0.43287612810830595 10.535012386633886
0.464158883361278 12.514837754037734
0.49770235643321115 14.856123728748265
0.533669923120631 17.639545722287178
0.5722367659350217 20.922571891001816
0.6135907273413173 24.787719815351064
0.6579332246575682 29.314540716682792
0.7054802310718645 34.58936816363846
0.7564633275546291 40.70106483551805
0.8111308307896873 47.736932453327924
0.8697490026177834 55.781016612807015
0.9326033468832199 64.90959214679341
1.0 75.18679305671624
1.072267222010323 86.66167983354839
1.1497569953977356 99.36461517582374
1.232846739442066 113.30695609137263
1.3219411484660286 128.48004762763222
1.4174741629268048 144.85725991699567
1.5199110829529332 162.4026767204051
1.629750834620645 181.0765095221563
1.7475284000076847 200.8433560427485
1.873817422860385 221.68769605397844
2.0092330025650478 243.62701812331224
2.1544346900318843 266.7216195165622
2.31012970008316 291.0827149020928
2.4770763559917115 316.8706414284085
2.656087782946687 344.2805716052159
2.848035868435802 373.5242364133037
3.0538555088334154 404.8123037670122
3.2745491628777286 438.34087986662024
3.511191734215131 474.2863767827659
3.7649358067924674 512.8087867041937
4.037017258596554 554.0542498415834
4.328761281083057 598.1495688678581
4.641588833612782 645.1920134577191
4.9770235643321135 695.2742583124636
5.336699231206313 748.5323379113439
5.72236765935022 805.1227206059107
6.135907273413176 865.1632724537442
6.5793322465756825 928.7756076589172
7.054802310718645 996.1417809043585
7.56463327554629 1067.4425457903724
8.111308307896872 1142.7971970154867
8.697490026177835 1222.336076904084
9.326033468832199 1306.3489694403092
10.0 1395.1203025117572