0.01 9.628235939908909e-05 0.00043398751615153573 0.0010153297970776952 0.0011083817274480253
0.010473708979594498 0.00011062303724813376 0.0005030221688815496 0.0011872099813805806 0.0012941160298234387
0.010969857978923836 0.00012709959742676568 0.0005826467093615553 0.0013863239383688777 0.001509147294895528
0.011489510001873092 0.00014603013592575916 0.0006743958063251983 0.0016165342628598855 0.0017576454497956813
0.012033778407775893 0.00016778011752286378 0.0007800116332257051 0.0018821692199049009 0.0020442918793951224
0.012603829296797275 0.00019276942830541105 0.0009014608570554103 0.002188022800680122 0.002374286314998331
0.01320088400831418 0.000221480477864768 0.0010409577224376797 0.0025393710720656355 0.0027533710290517733
0.013826221737646556 0.00025446750730188467 0.0012009948282431563 0.002942012259622128 0.003187879926456789
0.014481182276745337 0.00029236728238551094 0.001384364933189751 0.0034022479666746684 0.003684730128896398
0.015167168884709226 0.000335911377848744 0.0015941845238293176 0.003926855652532003 0.0042514063632647136
0.015885651294280528 0.0003859402894043967 0.0018339140807361798 0.004523026591337446 0.0048959126124200406
0.01663816886076129 0.0004434196451889573 0.0021075067483401905 0.005198918471372693 0.00562734030853112
0.0174263338600965 0.0005094588286782814 0.0024191358080609088 0.005962109806319815 0.006454341151393816
0.018251834943190434 0.00058533237142328 0.002773549009060435 0.006821127139753689 0.00738667472868411
0.019116440753857017 0.0006725045271109031 0.0031759770412778166 0.007784751958077948 0.008434539439382977
0.020022003718155844 0.000772657499473624 0.0036320068210852897 0.008861141820937255 0.009607721245470548
0.02097046401323233 0.0008877238666052389 0.004147994200786229 0.010059577037888073 0.010917371466351309
0.02196385372416546 0.001019923824616784 0.004730496114610854 0.011387403626231309 0.012372986682490013
0.02300430119772918 0.0011718079658003392 0.005387166565666486 0.012854078499161875 0.013986494613646537
0.024094035602395245 0.0013463064122971927 0.006125795809328373 0.014466217134311808 0.015767350869135697
0.02523539170434766 0.0015467852476780562 0.006955119824268977 0.016231179586704492 0.0177261791469066
0.026430814869741057 0.0017771113281104805 0.007884773081943113 0.018156467429636575 0.01987423157633238
0.027682866303920667 0.002041726714513451 0.0089251416541317 0.02024867541246624 0.02222241340364474
0.028994228538828767 0.002345734150253394 0.01008784352879779 0.022515310093074767 0.024783184709647122
0.030367711180354574 0.0026949952189163034 0.011385846684952926 0.024964816845666826 0.027570683417371525
0.031806256927941194 0.0030962430573745463 0.012833909790375256 0.027607932919210924 0.030602188184008675
0.03331294787934674 0.0035572117751796768 0.014449139706183426 0.030459307363317405 0.03389986429051487
0.034891012134067735 0.004086785047299227 0.01625141383313059 0.0335382621359396 0.03749166961736295
0.03654383070957257 0.004695166709125262 0.01826453130703593 0.03687226636112962 0.04141499391401941
0.03827494478516311 0.005394076597059956 0.020517013157416997 0.04049841970376532 0.04571833209708004
0.04008806328898465 0.006196975352271304 0.02304354752466449 0.0444670462659431 0.05046509476515082
0.0419870708444391 0.007119322447866662 0.025886037129524076 0.048843140465952194 0.05573530336299009
0.043976036093027214 0.008178872320348043 0.02909444435683648 0.053706733661151994 0.06162624347966965
0.04605922041145106 0.009396014195663448 0.03272943223193725 0.05915961842560298 0.06825951412992202
0.04824108704165369 0.010794162010756881 0.036861572917266376 0.06531906623446683 0.07577512721990033
0.0505263106533568 0.01240020175714175 0.041570503536651884 0.0723121084430863 0.08432622839540069
0.05291978735958442 0.014245004629348261 0.04694598713209655 0.08027687089751342 0.09408093253041855
0.05542664520663107 0.016364015565750806 0.053080513705820696 0.08933508069361934 0.10519543042948888
0.05805225516094899 0.018797928142051896 0.06006896758171188 0.09959011748002401 0.11781270928236683
0.06080224261649424 0.021593458340726596 0.06799493436743287 0.11108092635727564 0.13201727441185374
0.06368249944718586 0.024804231497721724 0.07693098963933546 0.12378455227274633 0.14783856887985752
0.06669919663030122 0.028491798748123586 0.08691396500835977 0.13753968299527836 0.16517561656558036
0.0698587974678525 0.03272680158575889 0.09795208337191383 0.15207916319546813 0.18383069944154
0.07316807143427195 0.037590305751283595 0.1100250069650209 0.1670428259964271 0.20352355873706734
0.07663410868007459 0.04317532860593169 0.12307726257693784 0.18197570847118139 0.22389122367178907
0.08026433522257174 0.04958858747368185 0.1370700293058102 0.1965018181530061 0.24466341262838573
0.08406652885618325 0.05695250018625532 0.15200989393682612 0.21040749092135072 0.2657478266476865
0.08804883581643465 0.06540747328914823 0.16802146288613148 0.22381862659694352 0.2874093372947517
0.09221978823334327 0.07511451811148086 0.18541599811445822 0.23731484399356112 0.31038624062221093
0.09658832241158703 0.08625824021839101 0.20474477463512167 0.2519625103473034 0.335925606893067
0.1011637979766207 0.0990502537035489 0.22681586662698852 0.26924920750798037 0.36572055705984696
0.10595601792776159 0.11373307839225112 0.25260080598239065 0.29079942217598964 0.40163003403806935
0.11097524964120721 0.13058458536117215 0.28305423548890896 0.3179808404181188 0.4452907466309772
0.11623224686798524 0.1499230642829512 0.318838566555701 0.35136943130589665 0.4975896240713961
0.12173827277396614 0.17211299500753446 0.3599993894225874 0.390132157018125 0.5580551436683603
0.12750512407130135 0.1975716155196365 0.4057888355994225 0.43173978960895004 0.6245785525358316
0.13354515629298988 0.22677638896583965 0.4548123053377428 0.47242225746796906 0.693876468134026
0.13987131026472385 0.2602734838020198 0.5056145875860598 0.5086071636188706 0.7629348887255677
0.14649713983072857 0.2986873932121547 0.557780000715245 0.5392410944265815 0.8313324521394245
0.15343684089300125 0.3427318326851748 0.6128705851124975 0.5672159629626272 0.9026679410899084
0.16070528182616392 0.39322206783656183 0.6747290009135036 0.5990556954622919 0.9842512614029034
0.16831803533309567 0.4510888379744754 0.7483955056520427 0.6422680054188965 1.0844746024735237
0.1762914118095948 0.5173940541824361 0.8375949028346313 0.7011646229411068 1.2086743386959273
0.18464249428955434 0.5933484633402997 0.942093231770645 0.7732059492215567 1.3555255424402601
0.1933891750455231 0.6803314808925826 1.057192631852292 0.848856088459297 1.5169257871269406
0.20255019392306675 0.7799134044655889 1.176017661919346 0.9158845927085113 1.682298144435815
0.21214517849106299 0.8938802265680605 1.297267242428658 0.9719290525417354 1.85109973823738
0.22219468609395238 1.0242612662452155 1.4288677521306614 1.0285010619724877 2.036808441922734
0.23272024789604084 1.1733598350341807 1.583498519740444 1.102024235854351 2.2580297342820765
0.24374441501222205 1.343787139865072 1.7693432225529262 1.2006424208539046 2.5254467999177193
0.2552908068239518 1.5384996022323552 1.9812795749757803 1.3140818563866055 2.831829957036579
0.26738416158399464 1.7608397361489954 2.205952204839111 1.4222702836401115 3.1606383004326077
0.2800503894183631 2.0145806737514005 2.441095600266194 1.5210624869001599 3.5115686109980135
0.29331662783900436 2.3039743531512067 2.7040897820956284 1.630600244340126 3.908868957442112
0.30721129988617574 2.633803284025631 3.0138687087357567 1.7702508155734715 4.3765411322732115
0.3217641750250737 3.00943567798775 3.3667320614265037 1.9313056456813622 4.911367362601116
0.33700643292719284 3.4368835683403525 3.747015418459555 2.0923509132926865 5.498202029105359
0.352970730273065 3.9228633429024717 4.161054225167076 2.257865723477243 6.148266966968997
0.3696912707195028 4.474857870282954 4.633808844871462 2.4513823195374744 6.892446056849718
0.3872038781812555 5.101179111471949 5.170993079183258 2.6739960509361533 7.74024887408028
0.40554607358408296 5.811029774033809 5.760584731776896 2.9085660345082545 8.68401749559405
0.42475715525368984 6.614562187468782 6.413504144331734 3.1618864376155433 9.740790223879644
0.4448782831127585 7.522932161438557 7.151135930027494 3.449971503410486 10.93780401953158
0.4659525668664682 8.548345144845529 7.973875467040241 3.7673811102071926 12.28210304096234
0.48802515836544313 9.70409155134631 8.884116202805748 4.110705492868224 13.783860605467666
0.5111433483440168 11.00456768211176 9.903215265937115 4.493741201075324 15.4715187507856
0.5353566677410724 12.465278295283781 11.03734716143402 4.9154509804963356 17.359949702765586
0.5607169938205459 14.10281658947486 12.295107232872308 5.376744967301686 19.467112884750023
0.5872786613189482 15.934817241521664 13.694544305577658 5.886359762922684 21.819903196776117
0.6150985788580501 17.979878230548923 15.24450990157357 6.44445964759535 24.437720095664133
0.6442363508721374 20.257447560148325 16.960334768466428 7.0564139888284 27.346117009410012
0.6747544053110693 22.78767172643086 18.85615618445271 7.726143722607989 30.570016447271428
0.7067181273927491 25.591203931630854 20.945900468482307 8.45707906691404 34.13447892454082
0.7401959996915645 28.68897165203106 23.24469769732612 9.253382846960886 38.06570844741432
0.775259748862946 32.10190524650836 25.76681962648544 10.118351496487469 42.38917728767694
0.8119844993184013 35.8506318080221 28.526306094139738 11.055038188261927 47.129945997792625
0.8504489341802677 39.955141334695405 31.536948114431656 12.066340786535452 52.312417220241784
0.890735463861044 44.43443539509875 34.81145731729151 13.154473483199022 57.95944083628653
0.9329304026284686 49.306171597922116 38.361049867742615 14.320788522430437 64.09175991110989
0.9771241535346497 54.58632012458486 42.19533952312633 15.565836132639092 70.7277051566339
1.0234114021054528 60.28885110332842 46.32216971218991 16.88936902945994 77.88285922086777
1.0718913192051276 66.42547346906998 50.74702518800233 18.290032322872054 85.56944182004209
1.1226677735108135 73.00544699119462 55.472744814537926 19.76527306664826 93.79598459977986
1.175849554052157 80.03548927631866 60.49989423521939 21.31170010483061 102.56756459783321
1.231550603292826 87.51979879069542 65.82634300744824 22.924840518256328 111.88552599369378
1.289890261253308 95.46021342325918 71.44689348385272 24.598919277440842 121.74735218855987
1.3509935211980264 103.85652197951818 77.35325119835585 26.32685530149806 132.1469104394957
1.414991297434576 112.7069432887967 83.5350255497609 28.10091940030596 143.07556475599085
1.4820207057988586 122.00878401661929 89.98090307582036 29.913429817214986 154.52352435465508
1.552225357427048 131.75928098299104 96.67797923358961 31.756157029104298 166.48000871907203
1.625755666443795 141.956625492235 103.61212624574583 33.62041402633228 178.93431327056595
1.7027691722258995 152.60115442152232 110.76857787792486 35.497259050552834 191.87716272652474
1.7834308769319094 163.69667448239645 118.13370295435651 37.37842621755237 205.30299500203307
1.8679135990207827 175.2518617280299 125.69648075430185 39.257002842611826 219.21207217063093
1.9563983435170649 187.28164837114994 133.44788205176692 41.126779963069126 233.61114072502633
2.049074689815848 199.80847516799415 141.38122615851694 42.98228361907551 248.51469687757967
2.1461411978584035 212.86325585364955 149.49245726271226 44.81881722030851 263.945992294044
2.247805833548725 226.48588288225378 157.7806216911453 46.63270222989496 279.9378299613333
2.354286414322418 240.7251179439623 166.24787511601386 48.421321511113895 296.5325661147641
2.4658110758226037 255.6377678321197 174.8984768447193 50.182675282683284 313.78088922577615
2.5826187606826774 271.28714220068764 183.7379970082988 51.915181163272635 331.7401861445989
2.704959730463134 287.74090532988316 192.77242279893028 53.61749380559166 350.47235445013774
2.833096101839324 305.0685421391198 202.0071559344556 55.28830092359312 370.0412175293898
2.9673024081888695 323.3387349920868 211.44617578841826 56.92620571108851 390.5099431493272
3.107866187782014 342.61698750047896 221.09157101373802 58.52975409621758 411.93884863143194
3.2550885998350596 362.96383386389255 230.9432832268161 60.09747406603183 434.38376022806625
3.409285069746811 384.43388349383116 240.9991667870944 61.62795952405828 457.89520041743316
3.5707859649004625 407.07573668079397 251.25508652122673 63.119862686704764 482.5182804439524
3.739937302478798 430.9326106956675 261.70533280697833 64.57197562472051 508.29335645537856
3.9171014908092605 456.0434600545353 272.3433982877015 65.98344334646357 535.2573015338157
4.102658105827195 482.4443353855739 283.16247530406775 67.35381331433759 563.4448156953238
4.297004704320839 510.16965838275087 294.1557598579886 68.6830143006858 592.8895747484784
4.500557675700498 539.2532244040337 305.31549444865163 69.97080002161132 623.6244896059135
4.7137531341167245 569.7290411287395 316.632824015114 71.21664018473952 655.6823433557303
4.937047852839004 601.6319919088066 328.09901704324886 72.42024655323868 689.0970256674574
5.17092024289676 634.9981660980684 339.70559647365917 73.58160048822153 723.9038714869835
5.415871378079471 669.8650118339855 351.44434094345564 74.70092301269442 760.139781066268
5.672426068491977 706.2713171222432 363.3068526090121 75.77846867982217 797.8429788233482
5.941133984965034 744.2571278552833 375.28447484503334 76.81448963055689 837.0529106575706
6.222570836730231 783.863937030245 387.3687759224458 77.80940894118994 877.8106541025733
6.517339604882427 825.1347448657091 399.5516584317505 78.76384160963504 920.1590176079723
6.826071834272386 868.1139613978501 411.82529212029465 79.67853872153738 964.1424120619491
7.149428986597577 912.8472189927013 424.1816556013857 80.55419175135331 1009.8064665965231
7.488103857590023 959.3816050128178 436.6126662060334 81.3914644249433 1057.1983043922025
7.842822061337682 1007.7658344873842 449.1106433462243 82.19115119847778 1106.36690680002
8.21434358491943 1058.0499591343264 461.6681377428024 82.95409629932932 1157.3627640130364
8.603464416684501 1110.2853550007164 474.27788745878183 83.68115273807503 1210.2378358756616
9.01101825166502 1164.5251931869175 486.93287400188115 84.37318312069414 1265.046000499854
9.437878277775381 1220.8243851081597 499.6262162030934 85.03100515733534 1321.842958535621
9.884959046625585 1279.2390857264713 512.3511271589764 85.65537896658071 1380.6857571139349
10.353218432956627 1339.8275370779404 525.1013646138404 86.24713499434026 1441.6337400763027
10.843659686896109 1402.6499126300303 537.871055528239 86.80709062066188 1504.7483247234793
11.357333583431052 1467.7678716646535 550.6542862194707 87.33592967284983 1570.0924280546933
11.895340673703195 1535.2457829515306 563.4455839805777 87.83432297189556 1637.7317877081105
12.458833642950081 1605.1492986073354 576.2395544103827 88.30284294885455 1707.7334941259269
13.049019780144029 1677.5473644480257 589.0314317371832 88.74207750566933 1780.1680661838914
13.667163564620074 1752.5100660381484 601.8165654293463 89.15253339576348 1855.1072433153543
14.314589375234785 1830.1113408197268 614.5910142489575 89.53472986456387 1932.6267364507978
14.992684327860456 1910.4263366109014 627.3510705286632 89.88913655349936 2012.8035696958468
15.702901247293775 1993.5342404249825 640.0935728363976 90.21618564316915 2095.7188527770795
16.446761779946645 2079.5161933303134 652.8156759924157 90.51625788538287 2181.4557291143924
17.225859653987875 2168.456658892212 665.514784302526 90.78965441873908 2270.1006521669224
18.04186409392072 2260.4439003124003 678.1886439849674 91.0365819159912 2361.7438731870675
18.896523396912094 2355.567869274934 690.8345938647818 91.25706538256087 2456.4772082848654
19.791668678535572 2453.9245211621355 703.4508582055468 91.45114381512177 2554.3985548805867
20.72921779595372 2555.6106570596617 716.0354941304707 91.6187766303535 2655.60664624165
21.711179456945054 2660.729170636448 728.5869413237283 91.75985002802629 2760.2062460295156
22.739657523579275 2769.386410542857 741.1045676132421 91.87434856811616 2868.305765946419
23.81685551976158 2881.690414697436 753.5867323698052 91.962055760899 2980.015038395386
24.945081352303166 2997.7606711418657 766.0344990735708 92.02299815377215 3095.4557220876277
26.126752255633292 3117.7083840501873 778.4455444895078 92.05681774537001 3214.740656943543
27.36439997074672 3241.6689981024624 790.8225825001579 92.06355272579688 3338.0074817159025
28.660676169482503 3369.756903750744 803.1627401040546 92.04276746580476 3465.372108231672
30.01835813575589 3502.123462030537 815.4698277434319 91.9944739037597 3596.988013115069
31.440354715915 3638.8900285659006 827.7411522390266 91.91824196021265 3732.9780361410362
32.929712550971516 3780.2197601936864 839.9805251145141 91.81401184967164 3873.5072648314986
34.489622604057594 3926.24886501126 887.0993342524964 99.34741145631793 4026.4432551566524
36.123426997094306 4077.1448456201583 949.1838858834442 110.36396851265387 4187.629442409355
37.83462617131929 4233.06900994248 1015.5506600488044 122.60504254288394 4354.910835197194
39.626886387014785 4394.185051636491 1086.4945471370565 136.20546659287507 4528.563193565253
41.50404757850477 4560.6886201118705 1162.3352662272043 151.31480578809717 4708.906468723293
43.470131581250264 4732.7345791042 1243.4067364174018 168.09831852667693 4896.232628573553
45.52935074866948 4910.557388974533 1330.0779395663142 186.7394615951371 5090.928483317183
47.68611697714469 5094.304427971799 1422.7278896696628 207.44058056721656 5293.309347408578
49.9450511585514 5284.246244998238 1521.7807380028892 230.42628129604194 5503.832416003101
52.31099308056263 5480.531854908491 1627.668622338428 255.94404939922703 5722.852602787762
54.78901179593945 5683.457810783654 1740.8765291278216 284.26834332086617 5950.895081215955
57.38441648302393 5893.190634988368 1861.899759880427 315.7014846996263 6188.378947963589
60.10276782070382 6110.037708300812 1991.2899036082092 350.57820999755955 6435.891652164051
62.94988990221888 6334.202308236314 2129.6171785036786 389.2672948001246 6693.946312560718
65.93188271333548 6565.986671057869 2277.506373050622 432.17624818959627 6963.188389904084
69.0551352016233 6805.648630322048 2435.615523545027 479.75415628433893 7244.255676631657
72.32633896483533 7053.473511416003 2604.6509450330736 532.4962570396372 7537.854295850385
75.75250258771912 7309.785184358785 2785.37192789949 590.9484306000795 7844.773818653436
79.34096665797492 7574.848741491405 2978.57727460473 655.7115155660887 8165.795345764651
83.09941949353396 7849.056003793675 3185.141053518235 727.4477500927596 8501.881198335566
87.03591361485165 8132.659037887305 3405.9688347658484 806.8848893841075 8853.916080167166
91.15888299750827 8426.109305286507 3642.063016424843 894.8247316664091 9223.050056280048
95.47716114208056 8729.66309552377 3894.453934727705 992.1473240920885 9610.314538232808
100.0 9043.81466328076 4164.286119954981 1099.8215182621068 10017.05894585103