0.01 9.628749301859964e-05 0.0005218977252196683 0.0016225601814139718 0.0017071467597167538
0.010473708979594498 0.00011062893548160204 0.0006050031994483597 0.0018977808625451629 0.0019949535921798297
0.010969857978923836 0.0001271063741527999 0.000700879305575493 0.002216757179562603 0.002328390049900704
0.011489510001873092 0.00014603792198233017 0.0008113822308048342 0.0025857337284790043 0.002713979939814714
0.012033778407775893 0.00016778906323264555 0.0009386203864218968 0.0030117173159970407 0.0031590509003534112
0.012603829296797275 0.00019277970637707277 0.0010849754041804586 0.003502480582729264 0.0036717442551548853
0.01320088400831418 0.00022149228672616064 0.0012531305534134755 0.004066592071211175 0.0042610522281022484
0.013826221737646556 0.00025448107492939204 0.0014461085155525882 0.004713484708391683 0.004936894626432
0.014481182276745337 0.0002923828707033799 0.0016672984504769125 0.005453430311989945 0.0057101028041335825
0.015167168884709226 0.0003359292877831946 0.0019204852641167942 0.006297500114300179 0.006592391055276609
0.015885651294280528 0.0003859608666899029 0.002209874958757764 0.007257469677423364 0.007596274036834126
0.01663816886076129 0.00044344328703857413 0.0025402748981625343 0.008346710689803478 0.008735972633103535
0.0174263338600965 0.0005094859914465079 0.002916766135174353 0.009577712292945505 0.010024952539998362
0.018251834943190434 0.0005853635794090248 0.003345131610270947 0.010964535194982028 0.011478396580190632
0.019116440753857017 0.000672540382670051 0.003831746674171415 0.01252169953063397 0.01311211471414221
0.020022003718155844 0.0007726986946358356 0.004383426526134681 0.014262766526535388 0.01494115123988682
0.02097046401323233 0.000887771196418523 0.005007924829511549 0.016203144699127894 0.016982618965757458
0.02196385372416546 0.0010199782024765112 0.005713247199719538 0.01835515260153195 0.019250796765956344
0.02300430119772918 0.0011718704410574596 0.006508733102049792 0.02073452559338658 0.021763672449914007
0.024094035602395245 0.0013463781904840574 0.007403892003262085 0.023352402883983225 0.024534976492420923
0.02523539170434766 0.001546867713740424 0.00840937881569026 0.02622108414014222 0.027579987405254747
0.026430814869741057 0.0017772060730917897 0.009536932447442874 0.029353024788776723 0.030914585654410184
0.027682866303920667 0.002041835566203419 0.010799191122820948 0.032759096249923216 0.03455358170289096
0.028994228538828767 0.002345859208388809 0.012210265560013011 0.03645148197093825 0.03851368819457906
0.030367711180354574 0.0026951388956086134 0.013785871193954836 0.04044367084619506 0.04281360215817287
0.031806256927941194 0.0030964081235385836 0.015543849184561717 0.04475259837586182 0.047476247241448076
0.03331294787934674 0.003557401413851979 0.017504827042874583 0.04940122473711216 0.052531467523255916
0.034891012134067735 0.004087002914865404 0.019692712174481982 0.05441971615664721 0.05801734233988281
0.03654383070957257 0.004695417005625941 0.022136068916412895 0.059851043796518205 0.06398593541913444
0.03827494478516311 0.0053943641469168125 0.024869066495174095 0.06575334439484584 0.0705058290639727
0.04008806328898465 0.006197305696971681 0.027933209596344433 0.07220571659709643 0.07766811640277646
0.0419870708444391 0.007119701952370958 0.031378581673546325 0.07931050155908019 0.08558890816739559
0.043976036093027214 0.00817930829524225 0.03526483512005152 0.08719376420427924 0.09441007465490367
0.04605922041145106 0.009396515037375075 0.03966436942935984 0.09601614113202869 0.10431038325575265
0.04824108704165369 0.01079473736249036 0.04466130780911621 0.10596235452570002 0.11549536504369302
0.0505263106533568 0.012400862693576535 0.050350384570248506 0.11723153824035124 0.1281880500675308
0.05291978735958442 0.014245763868584612 0.05683813841935126 0.13003903206560016 0.1426312224855939
0.05542664520663107 0.016364887712493077 0.06423369962891805 0.14457079152139343 0.15904242037576888
0.05805225516094899 0.018798929966595726 0.07264817149313926 0.16097955824280044 0.1776107394310173
0.06080224261649424 0.02159460909897417 0.08217752643507581 0.17930845114017643 0.19842125300333663
0.06368249944718586 0.024805553298198363 0.0929025613659497 0.1994943143546887 0.22145921259372153
0.06669919663030122 0.028493316972823347 0.10485790518974294 0.22124117821347666 0.24648470202059652
0.0698587974678525 0.03272854537261874 0.11804002758838766 0.2440728012302971 0.2730863198618323
0.07316807143427195 0.03759230854718957 0.13240634078246544 0.2673530079647927 0.3007029291661988
0.07663410868007459 0.04317762880041593 0.14786580226742443 0.29028206219458635 0.3286217867715974
0.08026433522257174 0.04959122912489098 0.16434146000520902 0.3121818765609706 0.3562652516537225
0.08406652885618325 0.05695553385238176 0.181804700125194 0.3326326764749639 0.38332933527571245
0.08804883581643465 0.06541095698033624 0.20036448511599309 0.3517639204558862 0.41007606114399736
0.09221978823334327 0.07511851837927454 0.22035335356141036 0.3704412886080616 0.43752158865004415
0.09658832241158703 0.08626283340210354 0.24239662486516056 0.39031932682457804 0.46748965450090146
0.1011637979766207 0.09905552735552975 0.2674383863468835 0.4137323461177969 0.5025034748294219
0.10595601792776159 0.11373913290693845 0.2966288667524573 0.4432245901635658 0.5453194589146165
0.11097524964120721 0.1305915358360656 0.33109776805272023 0.480901845778355 0.5982862747168316
0.11623224686798524 0.14993104264324972 0.3715994293256193 0.5275515676815719 0.6624772524294718
0.12173827277396614 0.172122152430189 0.4180870482363832 0.581628214125036 0.7366913836380142
0.12750512407130135 0.19758212519696813 0.46946944437370464 0.6387820648297979 0.8169961944502101
0.13354515629298988 0.2267884492537016 0.5237766673744108 0.6926086995198327 0.8974863835464564
0.13987131026472385 0.2602873218027245 0.5788875882542591 0.7370149948823245 0.9726517528938404
0.14649713983072857 0.2987032688480374 0.633936297419941 0.7700327662434205 1.0411768980800051
0.15343684089300125 0.34275004332468073 0.6905637210634374 0.7961541210086073 1.108249624158312
0.16070528182616392 0.3932429535410709 0.7534141649060663 0.8257990150788523 1.1849965981790886
0.16831803533309567 0.45111278744060546 0.8288181468499095 0.8709481720507549 1.2841312183490838
0.1762914118095948 0.5174215114611375 0.9214413249947523 0.9382763608639533 1.413202627115771
0.18464249428955434 0.5933799354204555 1.0305831294943861 1.0231582721218013 1.568774739842944
0.1933891750455231 0.680367546242763 1.1493127729430037 1.1094302770963786 1.7362762993741758
0.20255019392306675 0.7799547226326328 1.26740132017984 1.1764412747460653 1.8970106875494126
0.21214517849106299 0.8939275489347535 1.381807696751178 1.2196463326531248 2.0484228446049677
0.22219468609395238 1.024315448050784 1.5020339225419668 1.2571313782109033 2.210363622498509
0.23272024789604084 1.1734218487596906 1.644532300415355 1.3148682800269478 2.4104530520375325
0.24374441501222205 1.34385809007994 1.8197580943920042 1.4050879917357673 2.6630332992470396
0.2552908068239518 1.5385807419866726 2.0187230152417506 1.5094561590207132 2.9531222812278815
0.26738416158399464 1.7609324849773904 2.2202958926731258 1.594417408546053 3.251578684323126
0.2800503894183631 2.014686637325599 2.4177704859103737 1.6514198048363262 3.5541192637506223
0.29331662783900436 2.3040953445779353 2.6332305555034603 1.711583819054076 3.8951608034830234
0.30721129988617574 2.633941346730997 2.8920560847116636 1.8046219591366646 4.307934055964077
0.3217641750250737 3.0095931100558735 3.185226666166918 1.9141666359185245 4.78198217405923
0.33700643292719284 3.437062948079097 3.4835627123890456 2.0029128845441253 5.287747242756443
0.352970730273065 3.923067555290112 3.790543831500797 2.0755826654480494 5.836670710517008
0.3696912707195028 4.475090133802914 4.139542620147479 2.1676476493871624 6.470003179409677
0.3872038781812555 5.1014430046674955 4.533216415713345 2.277657556498441 7.194615746948431
0.40554607358408296 5.8113292609102745 4.942982624562898 2.374166204956637 7.990074478639162
0.42475715525368984 6.61490164064101 5.376697423997484 2.464395251350533 8.873502288243092
0.4448782831127585 7.523316381672404 5.860191193747135 2.570172888731812 9.876634998013435
0.4659525668664682 8.54877937538814 6.381774964225124 2.6780645769931986 10.999123164217137
0.48802515836544313 9.70458148519965 6.930797291332085 2.7776121329117363 12.244589909723986
0.5111433483440168 11.005119460206892 7.530226092724374 2.8859323619792994 13.64351732284937
0.5353566677410724 12.465898493396955 8.173676926538208 2.9957084064898103 15.204666671907452
0.5607169938205459 14.103512191736066 8.857136481592454 3.102479989856232 16.94058159814657
0.5872786613189482 15.93559559855372 9.593946692744526 3.214203198290247 18.876390609005938
0.6150985788580501 17.980747000687032 10.377472881514201 3.324713954524239 21.025054791573947
0.6442363508721374 20.25841463286523 11.212871197331248 3.436148452121896 23.408096037697053
0.6747544053110693 22.788745128038045 12.101689246598491 3.5482375364314103 26.045494365568416
0.7067181273927491 25.592391714507535 13.043967661954483 3.659987366363202 28.957056368989694
0.7401959996915645 28.690281769954684 14.041823221967725 3.771781404014429 32.16413223446352
0.775259748862946 32.103345419959055 15.095239382456766 3.882955535180599 35.68708986251288
0.8119844993184013 35.852209384398876 16.204029084691538 3.9929968361393593 39.54611864714067
0.8504489341802677 39.95686314897665 17.36851291605387 4.101856623003703 43.76118578577205
0.890735463861044 44.43630763645067 18.588115010200713 4.209238513309722 48.35102010150006
0.9329304026284686 49.30819968709769 19.861308185503333 4.314635718536671 53.33278729455189
0.9771241535346497 54.58850860592163 21.186076525722456 4.417576365561632 58.72197281527688
1.0234114021054528 60.29120355428197 22.56007438109203 4.517688573555627 64.53212914627801
1.0718913192051276 66.4279924302052 23.980453950702298 4.614617910805266 70.77453672368246
1.1226677735108135 73.00813392098752 25.443852908595524 4.708017066936314 77.45800600429665
1.175849554052157 80.03834453811089 26.946354321777246 4.797522909207378 84.58876304628458
1.231550603292826 87.52282168311226 28.48359026850009 4.882782901590659 92.17049852757509
1.289890261253308 95.46340226926847 30.050865775874932 4.9634777735665105 100.2045498882786
1.3509935211980264 103.8598742920285 31.643271852093456 5.039331146989526 108.69022495086884
1.414991297434576 112.7104560315812 33.255818004863215 5.110118664329141 117.6252933802212
1.4820207057988586 122.01245397677822 34.883582664176785 5.175676646561179 127.00665688724207
1.552225357427048 131.76310525972536 36.52187933965963 5.235910389726475 136.83120380890966
1.625755666443795 141.96060207623506 38.166427548589 5.290800051995841 147.09684326612532
1.7027691722258995 152.60528278383887 39.81352088802221 5.340403879413331 157.80370303840044
1.7834308769319094 163.70095603285637 41.4601818968353 5.384858313899436 168.95545681643614
1.8679135990207827 175.2563000086199 43.10429007751922 5.4243742621083975 180.56072206306033
1.9563983435170649 187.28624899810163 44.74466842824434 5.459229115013414 192.6344403243165
2.049074689815848 199.81324579783166 46.38111648007031 5.4897550610484105 205.1991193276249
2.1461411978584035 212.8682065772655 48.01437781990306 5.51632405496056 218.28578442017962
2.247805833548725 226.49102712733512 49.64602736901316 5.539328638169816 231.93446825446557
2.354286414322418 240.7304732643577 51.278292398403806 5.559163190037074 246.19408669736828
2.4658110758226037 255.64335561835722 52.91382785977271 5.576209007198968 261.1216049228395
2.5826187606826774 271.2929860653961 54.55544607947699 5.590819799496065 276.78048748284334
2.704959730463134 287.74702921661736 56.20583968970322 5.603311077106808 293.23854851168574
2.833096101839324 305.0749695809804 57.86732729552615 5.613953608186619 310.5654216236549
2.9673024081888695 323.34548961593924 59.5416601694181 5.622972909552868 328.8299450704627
3.107866187782014 342.6240926681242 61.22991633204359 5.6305548328042 348.09779470489275
3.2550885998350596 362.9713089284452 62.93248097309576 5.6368534560205585 368.4296980205891
3.409285069746811 384.44173889852505 64.64911284621535 5.642000334479962 389.8804824133912
3.5707859649004625 407.08397576336637 66.37903172002044 5.646106269871287 412.49899113986595
3.739937302478798 430.94123926873647 68.12106506003107 5.64926771530687 436.3287125930479
3.9171014908092605 456.05249096569287 69.8738459161041 5.651579830780809 461.4088958978842
4.102658105827195 482.4537819646495 71.63593931395818 5.6531385643737995 487.77588860973304
4.297004704320839 510.17953046717224 73.40592392249772 5.6540402275113975 515.4644033738064
4.500557675700498 539.2635318029415 75.18247576163151 5.654386554529812 544.508524709704
4.7137531341167245 569.7397877523902 76.96440217426142 5.654284116304974 574.9425326752648
4.937047852839004 601.6431693820715 78.7506215467887 5.653837200043098 606.8015569633899
5.17092024289676 635.009773129795 80.54016836426517 5.653147467737259 640.1219327337487
5.415871378079471 669.8770692473074 82.33218161876891 5.652312624876849 674.9413490604034
5.672426068491977 706.2838528597041 84.12581819104355 5.651416427566099 711.2987927757915
5.941133984965034 744.2701530860661 85.92023093385656 5.650528133547632 749.2344595162929
6.222570836730231 783.8774349263838 87.71465066659792 5.6497121554885785 788.7899670861505
6.517339604882427 825.1487025152197 89.50840573261146 5.649029554556263 830.0084623027964
6.826071834272386 868.1284045750265 91.30090589513995 5.6485370534129755 872.9345268793634
7.149428986597577 912.8621975866612 93.09166779584382 5.648292527552283 917.613945842279
7.488103857590023 959.3971203880849 94.88034028566501 5.648356031029828 964.0938841770164
7.842822061337682 1007.7818426534578 96.66668400755044 5.648784881832403 1012.423132365937
8.21434358491943 1058.06648351988 98.45053454863397 5.649631464047856 1062.6519230852198
8.603464416684501 1110.3024454173726 100.23177026528506 5.650941659303222 1114.8317636360866
9.01101825166502 1164.5428700582495 102.01026286156201 5.65274636018886 1169.0158867500486
9.437878277775381 1220.8425908422262 103.78586485914379 5.655062230789899 1225.2592040412321
9.884959046625585 1279.2578681241866 105.55845137123251 5.657900061605287 1283.6180474138866
10.353218432956627 1339.846945351405 107.32798659509997 5.6612684139699985 1344.1507295069644
10.843659686896109 1402.669884514575 109.09449301651013 5.665172594815659 1406.9173776420523
11.357333583431052 1467.78851382481 110.85809461302892 5.669620555583561 1471.9798854109795
11.895340673703195 1535.2669732876682 112.61906742514876 5.67462448569958 1539.4024603652683
12.458833642950081 1605.1712500306703 114.37771363635316 5.680192411305686 1609.251151277368
13.049019780144029 1677.56983528878 116.13442629833754 5.6863311314379 1681.5945086744916
13.667163564620074 1752.5333680147357 117.88962987808675 5.693043908889557 1756.5032256124136
14.314589375234785 1830.1351753537954 119.64376853582922 5.70032735509343 1834.0506768213024
14.992684327860456 1910.451022886638 121.39727712060416 5.7081715292769575 1914.3126685479322
15.702901247293775 1993.5595567022729 123.1506535989825 5.7165653939725996 1997.367885173065
16.446761779946645 2079.542262303271 124.90442479885917 5.7254957656482475 2083.297846526392
17.225859653987875 2168.4836142012955 126.6591745793986 5.734948888390903 2172.187059441106
18.04186409392072 2260.471366028502 128.41553002401398 5.744910302456267 2264.123306929305
18.896523396912094 2355.5965386009525 130.17416353299444 5.755365249452266 2359.1976368565342
19.791668678535572 2453.9535881088623 131.93579116335528 5.76629847529492 2457.5045301647697
20.72921779595372 2555.6408757642303 133.70116366000858 5.77769394900013 2559.142369777104
21.711179456945054 2660.7602935240843 135.47106238070714 5.789535052360644 2664.2130671275245
22.739657523579275 2769.417878503936 137.24625881450496 5.8018013876662335 2772.8226741418507
23.81685551976158 2881.7240451652006 139.027536149618 5.814470283441171 2885.081616931451
24.945081352303166 2997.7932721792577 140.81569849552267 5.82751886700621 3001.1043839963563
26.126752255633292 3117.744727195307 142.61156039523027 5.840924036311938 3121.010150176718
27.36439997074672 3241.7028469347297 144.41599996479562 5.854663345203145 3244.9233590261338
28.660676169482503 3369.796021443223 146.2298598503657 5.8687138263517715 3372.972404252428
30.01835813575589 3502.158858323772 148.0540450594231 5.8830532900852495 3505.2918964774017
31.440354715915 3638.9315650487088 149.8894946269236 5.897659949530393 3642.0220452518197
32.929712550971516 3780.257866096369 151.73706799158796 5.912511606833726 3783.3065735913688
34.489622604057594 3926.291311370591 161.01533184116576 6.513920955532744 3929.596904263633
36.123426997094306 4077.1878702443123 173.52241096067686 7.402859846878032 4080.8854135722645
37.83462617131929 4233.110717105514 187.00444046368608 8.414464830635879 4237.247668858298
39.626886387014785 4394.234065086789 201.53900149412308 9.565806047351114 4398.863772900651
41.50404757850477 4560.7302309464785 217.20966081538606 10.87634232875911 4565.912676677371
43.470131581250264 4732.788293288806 234.10715701211365 12.368262125945456 4738.590947102723
45.52935074866948 4910.600684625173 252.32948704993083 14.066864809914977 4917.099463155253
47.68611697714469 5094.362264612975 271.98246477584667 16.0009992180036 5101.64261549495
49.9450511585514 5284.290862244399 293.1811362940526 18.203569033678253 5292.449004516142
52.31099308056263 5480.595186661908 316.0493277637075 20.71209802646474 5489.739499160796
54.78901179593945 5683.503573932721 340.7214609886537 23.56938928207475 5693.756185945741
57.38441648302393 5893.257771348454 367.34319266294744 26.824269992427595 5904.756364340141
60.10276782070382 6110.089587806 396.07144405955546 30.532438789755684 6122.989432428671
62.94988990221888 6334.26742658713 427.0771403260567 34.7574484137326 6348.74371789664
65.93188271333548 6566.050597248058 460.5445892654935 39.571808662557764 6582.301094022068
69.0551352016233 6805.709617953489 496.67338948195675 45.058260584069984 6823.9576571496245
72.32633896483533 7053.5482199898925 535.6806009603736 51.31123272499715 7074.046157650627
75.75250258771912 7309.847206693978 577.7999106044093 58.43848843141456 7332.8803330503315
79.34096665797492 7574.92911332857 623.2856809689853 66.56303443864938 7600.820136643638
83.09941949353396 7849.121904750192 672.4131930274482 75.82528086037779 7878.236074845954
87.03591361485165 8132.745973200248 725.4798135343456 86.38551481373464 8165.496952520423
91.15888299750827 8426.175754141503 782.8095317164475 98.42674522279219 8463.032342299266
95.47716114208056 8729.760557710817 844.751716423805 112.15792397396986 8771.254428944276
100.0 9043.881591136778 911.6857864085258 127.81766022014013 9090.616181640615