0.01 0.000808361040573592
0.010722672220103232 0.0010225606066723983
0.011497569953977356 0.0012894952958288233
0.012328467394420659 0.0016206599372244569
0.013219411484660288 0.00202949340838253
0.014174741629268055 0.002531480400953536
0.01519911082952934 0.003144197507354797
0.016297508346206444 0.0038872723368783475
0.01747528400007684 0.004782220571656252
0.01873817422860384 0.005851449861322212
0.02009233002565047 0.007119260943701926
0.021544346900318846 0.00860865029651922
0.023101297000831605 0.010343107934300879
0.024770763559917114 0.012343930144363125
0.026560877829466867 0.014631367336329974
0.02848035868435802 0.017225562207709058
0.030538555088334154 0.020149226908777528
0.03274549162877728 0.023432815050314137
0.03511191734215131 0.02712215049351133
0.037649358067924674 0.03129229166431209
0.040370172585965536 0.03606137344284618
0.04328761281083057 0.04160467877001681
0.046415888336127795 0.048168597278366
0.049770235643321115 0.056068615181754544
0.0533669923120631 0.06567161640619915
0.05722367659350217 0.07731921095226309
0.06135907273413173 0.09122299208769585
0.06579332246575682 0.10731118739980518
0.07054802310718646 0.12504427934215429
0.07564633275546291 0.14346875832527564
0.08111308307896872 0.16149841325426323
0.08697490026177834 0.1786551556355772
0.093260334688322 0.19592169916394675
0.1 0.2161986204802744
0.10722672220103231 0.24373131441410173
0.11497569953977356 0.28205694054534397
0.12328467394420659 0.33085881717154686
0.13219411484660293 0.38355708904318636
0.14174741629268056 0.4305928885800635
0.1519911082952934 0.4702757553635655
0.16297508346206444 0.5158533173126041
0.17475284000076838 0.585894266637152
0.1873817422860384 0.6820700403600458
0.20092330025650468 0.7799748104867972
0.21544346900318845 0.8633002861274478
0.23101297000831603 0.9618726759164352
0.24770763559917114 1.1063909733338662
0.26560877829466867 1.2708395765749738
0.2848035868435802 1.4300605572691554
0.30538555088334157 1.6320229390453809
0.32745491628777285 1.8854098870250984
0.3511191734215131 2.156826785512387
0.37649358067924676 2.489289097853045
0.4037017258596556 2.884070279180078
0.43287612810830595 3.3411269956767113
0.464158883361278 3.8917124208097174
0.49770235643321115 4.535358720037153
0.533669923120631 5.3021939402951626
0.5722367659350217 6.2049626391354655
0.6135907273413173 7.271469910193913
0.6579332246575682 8.526675520339895
0.7054802310718645 10.000188134632523
0.7564633275546291 11.724775960308621
0.8111308307896873 13.735278276435618
0.8697490026177834 16.06940177056763
0.9326033468832199 18.766755060928816
1.0 21.867910823634425
1.072267222010323 25.41414315254653
1.1497569953977356 29.446037696127778
1.232846739442066 34.003492260871575
1.3219411484660286 39.123973569996444
1.4174741629268048 44.841498532947
1.5199110829529332 51.18923126774603
1.629750834620645 58.198345825396856
1.7475284000076847 65.89768545068662
1.873817422860385 74.31825401008835
2.0092330025650478 83.49542447278955
2.1544346900318843 93.46904554313757
2.31012970008316 104.28629533537034
2.4770763559917115 116.00405685084014
2.656087782946687 128.68798115817637
2.848035868435802 142.41118282742278
3.0538555088334154 157.25241395485904
3.2745491628777286 173.2941949333008
3.511191734215131 190.61903373788863
3.7649358067924674 209.30344248521803
4.037017258596554 229.41422684875855
4.328761281083057 251.01184787051713
4.641588833612782 274.1649020665489
4.9770235643321135 298.98075321978376
5.336699231206313 325.64498998129943
5.72236765935022 354.4345231042967
6.135907273413176 385.67101122215536
6.5793322465756825 419.61467072334756
7.054802310718645 456.3544136083721
7.56463327554629 495.7760021829306
8.111308307896872 537.6650700045108
8.697490026177835 581.9087028205158
9.326033468832199 628.6753273937992
10.0 678.5168677671921