0.01 0.0017404020713325812 0.001599648749266523
0.010080997417879815 0.0017880975768779265 0.001643639467136918
0.010162650893929946 0.0018370293183020347 0.0016887691839706331
0.01024496574205218 0.001887225766802939 0.0017350638618714748
0.010327947319189514 0.0019387177750971067 0.0017825517279329128
0.010411601025674826 0.001991537659823976 0.0018312623734487562
0.010495932305582278 0.002045718139783304 0.0018812257250161507
0.010580946647081622 0.0021012906487279477 0.001932470408315175
0.010666649582795394 0.0021582861044102553 0.0019850245072702277
0.010753046690158913 0.002216735974987818 0.002038916589497223
0.01084014359178331 0.002276673432055993 0.002094176816762797
0.010927945955821397 0.0023381333902085044 0.002150836963917797
0.011016459496336563 0.0024011518253813486 0.0022089297675870114
0.011105689973674648 0.002465765636100497 0.0022684887995140924
0.011195643194838782 0.0025320117287791636 0.002329547593685053
0.01128632501386735 0.0025999272391229815 0.0023921398463292837
0.011377741332214914 0.002669549019009603 0.0024562989074073593
0.011469898099136294 0.0027409147302131388 0.002522058831263938
0.01156280131207376 0.0028140630171610624 0.0025894545495490904
0.011656457017047286 0.0028890341171751367 0.002658522464968055
0.011750871309048075 0.002965869343201573 0.00272929994553783
0.011846050332435167 0.003044610641579474 0.0028018248932576385
0.011942000281335319 0.0031252997594889043 0.0028761349362299137
0.01203872740004614 0.0032079784001705206 0.002952267587228194
0.012136237983442405 0.0032926890584809025 0.003030261045801254
0.012234538377385784 0.0033794764623221794 0.003110155591454357
0.01233363497913776 0.003468386661849374 0.003191992696496415
0.012433534237775988 0.0035594660148710934 0.0032758140386712057
0.012534242654614001 0.003652759123129536 0.0033616594871313725
0.01263576678362428 0.003748312534376765 0.0034495706442062447
0.012738113231864785 0.0038461751230522076 0.0035395912417353985
0.012841288659908962 0.0039463998216315715 0.003631768859514846
0.012945299782279153 0.0040490362075208414 0.0037261478551113927
0.01305015336788363 0.0041541316333915754 0.0038227703825115247
0.013155856240457045 0.0042617308136709406 0.003921675914384507
0.013262415279004547 0.004371884158865297 0.004022909174944632
0.013369837418249465 0.004484645910641466 0.004126518413525601
0.013478129649084574 0.004600073541211757 0.0042325548820524115
0.013587299019027098 0.004718225655016388 0.004341070815969244
0.013697352632677314 0.004839161745212193 0.00445211918219998
0.013808297652180923 0.004962941195915986 0.004565752738891754
0.013920141297695181 0.005089613829850711 0.004682015104296614
0.014032890847858725 0.005219224624335501 0.00480094520143579
0.01414655364026531 0.005351818454217294 0.004922581689279233
0.01426113707194129 0.005487457788529814 0.005046979692246238
0.01437664859982702 0.005626214680537505 0.00517420324434827
0.014493095741262165 0.0057681609868194626 0.005304316052244792
0.014610486074474885 0.005913352678020051 0.005437366688092297
0.014728827239075025 0.006061839388206196 0.005573397642747252
0.014848126936551322 0.0062136825875296064 0.005712462703237785
0.014968392930772555 0.006368959984808146 0.0058546309644321995
0.015089633048492862 0.006527752843932378 0.005999974656649966
0.015211855179861048 0.006690115978996744 0.006148540251861443
0.015335067278934085 0.006856082675550591 0.006300353437108331
0.015459277364194777 0.007025683585321623 0.006455437308274839
0.015584493519073536 0.007198981486780443 0.006613845837648427
0.015710723892474503 0.007376073366603841 0.006775665437261115
0.01583797669930582 0.007557069136518974 0.0069409945344128775
0.01596626022101426 0.007742076072100142 0.007109928807670068
0.016095582806124196 0.007931175751786443 0.007282539531555819
0.016225952870780873 0.008124430474739925 0.007458879529369107
0.016357378899298156 0.008321854282666104 0.007638954797639431
0.016489869444710648 0.00852345038043547 0.007822760258466264
0.016623433129330324 0.00872923630204965 0.008010304238702099
0.016758078645307678 0.008939312922457044 0.0082016753500953
0.016893814755197353 0.009153831226694123 0.008397010288986144
0.017030650292528444 0.009372942814168594 0.008596446011502846
0.017168594162379338 0.009596724279226813 0.008800046769251883
0.01730765534195725 0.009825198167296958 0.009007824656694328
0.017447842881182483 0.010058380577224635 0.009219785497202954
0.017589165903277325 0.010296332640517731 0.009435978366966481
0.017731633605359842 0.010539145011094587 0.009656480520807571
0.017875255259042353 0.010786908228801288 0.009881368789991305
0.01802004021103485 0.011039674631803931 0.010110682858979002
0.018165997883753275 0.01129748212521152 0.010344447944010677
0.01831313777593269 0.011560380356773665 0.01058270010631683
0.018461469463245474 0.011828502037361648 0.010825555182869148
0.01861100259892447 0.012102026860829744 0.011073174171394473
0.018761746914391204 0.012381127121642877 0.011325710708092662
0.018913712219889234 0.01266585616292161 0.011583203449057123
0.01906690840512252 0.012956178203981381 0.011845605130656037
0.019221345439899108 0.013252046894233246 0.012112858245303063
0.01937703337477989 0.013553490362328292 0.012384976771840988
0.019533982341732696 0.013860607019774781 0.01266204150702001
0.019692202554791725 0.014173514173639422 0.012944150624176845
0.01985170431072216 0.014492341386874401 0.013231413647445865
0.020012497989690372 0.014817220513454877 0.013523942068845048
0.020174594055939365 0.015148278229532762 0.013821842105311554
0.02033800305846981 0.015485593184483034 0.01412517335921124
0.020502735631726596 0.015829192838437003 0.014433946261895177
0.02066880249629082 0.016179087788610776 0.014748155048493713
0.020836214459577566 0.016535297119615388 0.015067801778091923
0.021004982416539152 0.016897872541980895 0.015392918700480792
0.021175117350374202 0.017266889723784033 0.01572355996090287
0.021346630333242442 0.017642471163556685 0.01605982418889067
0.021519532526985193 0.018024757000929568 0.01640182703267179
0.021693835183851845 0.018413873583831827 0.016749670877874406
0.021869549647232076 0.018809910641461196 0.01710342244964218
0.02204668735239409 0.019212940343541336 0.01746313074553945
0.022225259827228838 0.019623041056809346 0.0178288498547101
0.022405278693000182 0.020040249386241608 0.01820059325067588
0.02258675566510125 0.020464552825477416 0.018578327184715006
0.0227697025538168 0.020895924402573523 0.018962003929851375
0.02295413126509185 0.021334422136730372 0.01935165684372202
0.02314005380130653 0.021780193846681506 0.01974740438488388
0.023327482262057102 0.022233407585540595 0.020149383290352114
0.023516428844943486 0.02269420277319173 0.020557702131042323
0.02370690584636297 0.023162683012191154 0.020972434801370256
0.023898925662310503 0.02363893890145741 0.02139364240765717
0.024092500789185373 0.024122989919491765 0.021821317327407056
0.024287643824604504 0.024614797724813026 0.02225539566199013
0.024484367468222266 0.025114328108820496 0.02269581653329124
0.024682684522556925 0.025621662609338368 0.023142629236713515
0.024882607893823846 0.026136979183543557 0.023595975227904756
0.025084150592775398 0.02666044683088832 0.024055987240782162
0.025287325735547726 0.027192150652095418 0.024522717052767293
0.025492146544514233 0.027732115951503832 0.02499615767228244
0.025698626349146183 0.028280388786179146 0.02547632022559843
0.025906778586880088 0.02883706750160752 0.025963264957967087
0.026116616803992215 0.029402283158068226 0.026457083318442678
0.026328154656480213 0.02997614738299713 0.026957848221205494
0.026541405910951735 0.030558716795862802 0.027465579305755886
0.02675638444552045 0.03115000942394527 0.027980257825486715
0.026973104250709135 0.03175006116259927 0.028501880341664256
0.027191579430360175 0.03235897231998735 0.029030503942291622
0.027411824202553486 0.03297689156429477 0.029566231833687607
0.027633852900531698 0.03360394790064689 0.030109148615699948
0.027857679973633073 0.03424022869056085 0.030659298380751748
0.028083319988231725 0.0348857981398762 0.031216701295951166
0.028310787628685653 0.03554074696939921 0.03178140058185102
0.02854009769829239 0.036205209363459286 0.03235347970570078
0.028771265120252312 0.0368793621324502 0.03293306189117152
0.029004304938639917 0.03756338007312166 0.033520267609423816
0.029239232319382778 0.038257372822412476 0.0341151541730021
0.029476062551248572 0.03896136154897676 0.03471769400795994
0.029714811046840078 0.039675349912076135 0.0353278423761122
0.029955493343598132 0.040399441022928195 0.03594564819587572
0.03019812510481288 0.041133880255839854 0.036571293858659204
0.03044272212064303 0.04187894922368703 0.03720499384861628
0.030689300309143495 0.04263485362194856 0.03784688896246994
0.03093787571730138 0.043401685516473734 0.038497011112097544
0.031188464522080173 0.044179517909420006 0.03915537348089623
0.031441083031472646 0.04496850610253813 0.0398220662053071
0.03169574768556207 0.045768930236737594 0.04049729591547365
0.03195247505759212 0.04658110555841767 0.04118129996258724
0.032211281855045536 0.04740526666143747 0.041874237399039706
0.03247218492073129 0.048241517052450784 0.04257614198372502
0.0327352012338808 0.04908993398953651 0.04328702209785054
0.03300034791125285 0.04995069144260451 0.04400697647194167
0.033267642208247544 0.05082411238777241 0.04473624310416999
0.033537101520029304 0.051710554208704546 0.04547509014111486
0.03380874338265885 0.05261036193164518 0.04622377206383437
0.03408258547423452 0.053523859721901684 0.04698252127611192
0.034358645616042634 0.05445138961696048 0.047751584477199197
0.034636941773717324 0.055393270607489525 0.04853118444202779
0.03491749205840979 0.05634976663207651 0.049321490568788005
0.03520031472796679 0.05732112537514049 0.050122656146758086
0.035485428188119006 0.058307662381690196 0.05093489682689437
0.03577285099367873 0.05930980356216286 0.05175853033298297
0.03606260184974747 0.060328004925441346 0.05259390027379081
0.036354699612933195 0.061362700011963145 0.05344132675808892
0.03664916329257757 0.06241428932003303 0.05430109524854175
0.03694601205199302 0.06348321043326126 0.05517352166138901
0.037245265209709826 0.06456997230215755 0.05605898626908299
0.03754694224073337 0.0656751568390443 0.056957937689054716
0.03785106277781155 0.06679931595914818 0.057870798164933276
0.03815764661271248 0.0679429641485087 0.05879795297811214
0.038466713697512506 0.06910658774895873 0.05973975540982894
0.03877828414589457 0.07029076141934412 0.06069663296104249
0.0390923782344573 0.0714961202352281 0.06166906593501224
0.0394090164040345 0.07272331845648157 0.06265755387528588
0.03972821926102549 0.07397292462846368 0.0636625222507967
0.04005000757873611 0.07524553644312863 0.06468442315323955
0.04037440229873058 0.07654185218847118 0.06572379819602604
0.040701424532194386 0.07786267613690669 0.06678127986090568
0.04103109556130816 0.0792088038251371 0.06785748857761621
0.041363436840632734 0.08058096743683518 0.06895298194134952
0.04169846999850535 0.08197991530263438 0.07006832943021879
0.04203621683844714 0.083406435324092 0.07120413450199013
0.042376699340582163 0.0848613397311144 0.07236102297111852
0.04271993966306779 0.08634540635087717 0.07353959183085391
0.043065960143536766 0.08785949415293824 0.07474051277818454
0.04341478330055092 0.08940461607293866 0.07596460014383916
0.043766431835066566 0.09098182230507162 0.07721270298434926
0.0441209286319119 0.09259206589566642 0.07848557812996536
0.04447829676127633 0.09423607451408215 0.07978376743820524
0.04483855948021186 0.09591462028614502 0.08110784659934424
0.04520174023414663 0.09762867441155554 0.08245857427476933
0.04556786265841064 0.09937955253523349 0.08383703480957948
0.045936950579773976 0.10116852152952631 0.08524428171991998
0.04630902801799739 0.10299663662991582 0.08668117410388027
0.046684119187395554 0.10486452110997069 0.08814816103558784
0.04706224849841281 0.10677291687327312 0.0896457823112143
0.047443440559211784 0.10872275531655867 0.09117474986725602
0.04782772017727485 0.11071523539694707 0.09273603566285832
0.048215112361018594 0.1127513608205964 0.09433046287785908
0.04860564232142134 0.1148321134091923 0.09595884395022579
0.04899933547366384 0.11695857295798419 0.09762207877299299
0.04939621743878321 0.11913205056598096 0.09932126341909739
0.049796314045340344 0.12135381517298299 0.1010574530702956
0.05019965133110082 0.12362481687075234 0.10283141506456905
0.05060625554472942 0.12594582346605643 0.10464376995353607
0.051016153147498335 0.12831754679544385 0.10649509643756817
0.0514293708150092 0.1307406599437978 0.10838593959500947
0.05184593543892913 0.13321594485215646 0.1103169369652755
0.05226587412874079 0.1357443120382956 0.11228884863490446
0.05268921421350672 0.13832685442551912 0.11430262552444155
0.05311598324364777 0.14096437654609445 0.11635900825718119
0.05354620899273608 0.14365736865022852 0.11845847090628704
0.053979919459302535 0.1464057370118288 0.12060094612713472
0.0544171428686589 0.1492096327505896 0.12278655095983616
0.054857907674734745 0.15206953911375415 0.12501570837586182
0.055302242561929005 0.15498668432713839 0.12728955496718153
0.055750176446976954 0.15796214147254492 0.12960914501995252
0.05620173848083188 0.1609965064909424 0.1319751199366901
0.05665695805056226 0.1640890873100814 0.13438694586624386
0.05711586478126432 0.16723895538001535 0.13684387339990034
0.0575784885379898 0.17044537122290587 0.13934534338669957
0.05804485942768978 0.1737084452781732 0.14189159854526423
0.05851500780117376 0.17702853791183548 0.14448311768422387
0.058988964255084965 0.18040580704184028 0.14712020817574653
0.05946675963389163 0.18383966047283917 0.14980251051356364
0.05994842503189409 0.18732914360861755 0.15252937088119958
0.0604339917952486 0.19087332434699725 0.15530018253943179
0.06092349152400712 0.19447175511601014 0.15811480816591686
0.06141695607417383 0.19812406720413508 0.16097320477260088
0.061914417559778445 0.20182938854426974 0.16387488897874522
0.06241590835496589 0.20558517718220537 0.16681785959661802
0.06292146109610344 0.20938850075884613 0.16979974997541858
0.0634311086839044 0.21323676343587278 0.17281851425448205
0.06394488428556944 0.21712915299948754 0.17587376703601346
0.06446282133694488 0.22106531086308973 0.17896555232798617
0.06498495354469888 0.22504446592475205 0.18209355059116622
0.06551131488851493 0.22906423440526272 0.1852559781212984
0.06604193962330306 0.23312171405441123 0.1884505853798627
0.06657686228142928 0.2372139580575029 0.19167509374072922
0.06711611767496284 0.24133844544287864 0.19492762785338036
0.06765974089794179 0.245492820011635 0.1982064506854724
0.06820776732865685 0.24967475481826898 0.20150985359987633
0.0687602326319537 0.2538823090348966 0.20483649215154345
0.06931717276155408 0.2581137224446104 0.20818517233043535
0.06987862396239554 0.26236707529370884 0.211554550711119
0.07044462277299036 0.26663983355060533 0.21494272140792037
0.07101520602780335 0.2709293529682066 0.21834765164534706
0.07159041085964889 0.2752329421986994 0.22176725584355406
0.07217027470210756 0.27954791911008714 0.2251994589121643
0.07275483529196229 0.28387168671993307 0.22864223282454132
0.07334413067165428 0.2882017820772243 0.2320936577852904
0.07393819919175866 0.2925365360012937 0.23555254220070027
0.07453707951348025 0.2968746899831401 0.23901803378802092
0.0751408106111697 0.3012150909204272 0.2424893600755519
0.07574943177485977 0.3055568497373934 0.2459659896107119
0.07636298261282241 0.3098993538372015 0.2494476066013861
0.0769815030541464 0.3142421159626161 0.25293399394837696
0.07760503335133571 0.31858483333422094 0.2564251067559306
0.07823361408292923 0.3229273403928343 0.2599210074421082
0.07886728615614153 0.32726967816453384 0.26342194156973375
0.07950609080952509 0.33161270116284 0.266928912598466
0.08015006961565405 0.33595778044867874 0.2704433687904095
0.0807992644838296 0.3403065899836159 0.2739670301393974
0.08145371766280746 0.3446615604082724 0.2775023276919658
0.0821134717435473 0.349025512802003 0.28105205339444755
0.08277856966198473 0.3534015729674876 0.28461929383729545
0.08344905470182525 0.35779371450121694 0.288207949345233
0.08412497049736119 0.362206162116341 0.2918221969526981
0.08480636103631138 0.3666433946856331 0.2954664862162764
0.0854932706626838 0.37111078968233174 0.2991461323871018
0.08618574407966152 0.3756140270705066 0.3028667889051555
0.08688382635251184 0.38015908711393076 0.3066344402019265
0.08758756291151902 0.38475296871927717 0.31045605378870206
0.08829699955494091 0.38940293544261434 0.31433893299290894
0.08901218245198943 0.3941165213291037 0.31829071238271284
0.0897331581458352 0.3989022775428799 0.32232002731177856
0.09045997355663658 0.40376886984168037 0.3264357552054752
0.09119267598459298 0.40872507229256105 0.3306469836303775
0.09193131311302326 0.41378007872781936 0.33496323717359044
0.09267593301146879 0.41894284683585503 0.33939397116871023
0.09342658413882192 0.4242224337187414 0.3439488602146911
0.09418331534647952 0.4296288372999887 0.34863850080955067
0.09494617588152204 0.4351722120232209 0.35347378344551267
0.09571521538991866 0.4408628058237111 0.3584658261135627
0.096490483919758 0.44671113786631605 0.36362605178717033
0.09727203192450537 0.4527274446257238 0.36896578383294276
0.09805991026628617 0.4589218389588328 0.3744963794998191
0.09885417021919574 0.4653036970813367 0.3802285327007901
0.0996548634726364 0.47188111116213816 0.3861719107416248
0.10046204213468127 0.4786616632110001 0.39233584165441104
0.10127575873546552 0.48565224045919864 0.3987289782291126
0.10209606623060465 0.49285993825196583 0.40536018036801386
0.10292301800464122 0.5002921521373047 0.41223864377420927
0.1037566678745186 0.5079550227535718 0.4193723557391835
0.10459707009308351 0.5158537633643145 0.42676846988546036
0.1054442793526169 0.5239932617185337 0.4344338624903281
0.10629835078839284 0.5323763208438819 0.44237334879282314
0.10715933998226711 0.5410046718230214 0.4505906657690894
0.10802730296629401 0.5498797879684735 0.45908923590291045
0.108902296226373 0.5590005278178226 0.46786983660699866
0.1097843767059249 0.5683645612850142 0.47693196379208386
0.11067360180959734 0.5779693944131916 0.48627479230819015
0.11157002940700098 0.5878104522811403 0.49589530129180776
0.1124737178364752 0.5978828790670752 0.5057899850220633
0.11338472590888489 0.6081819743059795 0.5159552569306577
0.11430311291144792 0.6187002700812582 0.5263846217277919
0.1152289386115931 0.6294297522584447 0.5370708091689376
0.11616226326085019 0.6403623929232684 0.5480062796657076
0.11710314759877062 0.6514850565489662 0.5591782915758817
0.11805165285688049 0.6627817972433558 0.5705710769737142
0.11900784076266567 0.6742363482926447 0.582168222716003
0.11997177354358843 0.685833510285516 0.593954179283303
0.1209435139311377 0.6975603518525026 0.6059154623494021
0.12192312516491108 0.7094043408762435 0.6180387936969727
0.12291067099673054 0.7213506493111032 0.6303085763071419
0.12390621569479163 0.7333836793675894 0.6427083264889393
0.1249098240478454 0.745487666809157 0.6552212298262895
0.1259215613694151 0.7576461546018818 0.6678298288737068
0.12694149350204684 0.7698433387397248 0.6805172688763692
0.1279696868215941 0.7820636980037272 0.6932668961701259
0.12900620824153788 0.7942924591806432 0.7060630522711657
0.1300511252173409 0.8065153855365843 0.718890619648433
0.1311045057508378 0.8187180422010281 0.7317341492107035
0.1321664183946605 0.8308901535137485 0.7445826959319395
0.13323693225669953 0.8430252811497635 0.7574293158809223
0.1343161170046016 0.8551180064677296 0.7702681036556034
0.1354040428703032 0.8671688577589052 0.7830996551621756
0.1365007806546014 0.8791808427069157 0.7959270773946793
0.13760640173176156 0.8911558909440485 0.8087521199965001
0.13872097805416203 0.9031002892570098 0.8215812589644924
0.139844582156977 0.9150226772506126 0.8344233874055869
0.1409772871628967 0.9269319428247256 0.8472875115299042
0.14211916678688621 0.9388457349678772 0.8601919043203242
0.1432702953409831 0.9507860066173813 0.8731592046677857
0.14443074773913284 0.9627733766052887 0.8862104616785929
0.14560059950206494 0.9748342685173682 0.8993727637930877
0.14677992676220697 0.9869964443420054 0.9126742903228363
0.14796880626863962 0.999285326121838 0.9261405383495674
0.1491673153920915 1.0117328077476455 0.9398035602937875
0.15037553212997376 1.0243747989400556 0.9536995807345282
0.15159353511145687 1.0372461503254018 0.967864078531662
0.152821403602587 1.0503827258480563 0.9823333347056712
0.1540592175114448 1.0638210289301293 0.9971443078611163
0.155307057393346 1.0775976674315169 1.0123347825356337
0.15656500445608326 1.0917518529147423 1.0279450659676241
0.15783314056521172 1.1063216155504032 1.0440135468121932
0.15911154824937615 1.1213408750542202 1.060574138656647
0.160400310705682 1.1368342182772708 1.0776498950881754
0.16169951180511005 1.152821888726635 1.0952593400868993
0.16300923609797402 1.1693290378491215 1.1134276446299616
0.16432956881942376 1.1863762599863725 1.132174505216062
0.16566059589499144 1.203982026859341 1.1515173613829095
0.16700240394618396 1.22216825780964 1.171478160509957
0.16835508029612023 1.2409458774674684 1.1920661152656242
0.1697187129752137 1.2603203293733978 1.2132850507396677
0.17109339072690144 1.2803047025457897 1.2351487948767759
0.17247920301341957 1.3008989621882918 1.2576563773291656
0.17387624002162505 1.3220921297500723 1.2807950293570551
0.1752845926688653 1.3438775645328007 1.3045575838332528
0.17670435260889467 1.3662415636965684 1.328929275992009
0.17813561223783908 1.3891645266981352 1.3538893763799973
0.17957846470020958 1.4126285294339704 1.379419436591995
0.18103300389496335 1.436612767562258 1.405498533550243
0.18249932448161524 1.4610948233298988 1.432104671275456
0.18397752188639738 1.4860519318299126 1.4592155971546474
0.18546769230846985 1.511444309808939 1.4867904475550218
0.1869699327261813 1.5372081810057643 1.5147596808674824
0.18848434090337954 1.5632705629850991 1.5430401842415962
0.1900110153957748 1.5895709806195946 1.5715637775745013
0.1915500555573528 1.6160651529676753 1.6002811743005452
0.19310156154684077 1.6427055457842707 1.6291369729553988
0.19466563433422623 1.6694527434959536 1.6580854030183008
0.196242375707327 1.6962719286638572 1.6870841078335517
0.19783188827841644 1.7231187709661826 1.7160740930562726
0.19943427549090043 1.7499727486208556 1.7450234034588112
0.2010496416260498 1.776841271676908 1.7739322482588338
0.20267809180978705 1.8037274532546113 1.802792557778725
0.20431973201952705 1.8306524239778748 1.8316164298055644
0.2059746690910748 1.8576553940423999 1.8604345544217058
0.20764301072557748 1.884767825026389 1.8892636485316698
0.20932486549653365 1.9120322274270893 1.9181318714685978
0.21102034285685956 1.9395091758726482 1.9470934623800766
0.21272955314601136 1.9672637633692607 1.9762182889012831
0.21445260759716675 1.995369307548418 2.0055869684760026
0.21618961834446315 2.023913111440501 2.0352880191571714
0.21794069843029548 2.0529880167739902 2.0654046936099264
0.21970596181267324 2.082677540977787 2.0960062621077054
0.22148552337263594 2.1130590324869405 2.1271667970183046
0.22327949892173024 2.1442257391956865 2.159009598566189
0.22508800520954617 2.1762677652860067 2.191658647887565
0.22691115993131525 2.2092723518002284 2.2252301530774132
0.2287490817355703 2.2433389937393717 2.259850544984956
0.2306018902318663 2.2785456352151443 2.295619202000077
0.23246970599856479 2.314938668552549 2.3325982712913604
0.23435265059068117 2.3525789343350034 2.370876979055
0.23625084654779463 2.3915108145845148 2.410527399310204
0.23816441740202385 2.4317459884336396 2.4515813243663556
0.2400934876860653 2.4732951916604704 2.494067230411422
0.24203818294129825 2.5161435815436577 2.537979420687268
0.243998629725955 2.560225265613607 2.583240046992912
0.24597495562335647 2.6054577410354103 2.6297417586710052
0.24796728925021588 2.6517579175097556 2.6773878747428492
0.2499757602650084 2.699035732016672 2.726092954056243
0.2520004993764092 2.7471723001179513 2.7757240847135978
0.25404163835180055 2.796048630507654 2.8261158133068514
0.2560993100258458 2.8455504727862957 2.8770479445245662
0.2581736483091354 2.895547127018634 2.928258193427807
0.2602647881969006 2.9459332930960547 2.9795442752556167
0.26237286577779906 2.996658556178454 3.030844924363369
0.26449801824277197 3.0476691119754378 3.0820991584525244
0.26664038389397116 3.098929104141782 3.133249271765283
0.2688001021537606 3.15044407653686 3.1842547714169442
0.2709773135737891 3.202227723668251 3.235082467881084
0.2731721598441376 3.2543247327221465 3.2857436744932453
0.2753847838025404 3.30685252790233 3.3363629785906395
0.27761532944367995 3.3599599031681753 3.3871248856353526
0.27986394192855923 3.413806437915525 3.438231415059758
0.28213076759394723 3.468576042310666 3.4899172895602177
0.2844159539619031 3.5244855196925386 3.542481542242414
0.28671964974937697 3.5817477783634337 3.5962261862664664
0.2890420048778873 3.640554186544388 3.6514230019596146
0.2913831704832787 3.7011039752768213 3.708362262466708
0.2937432989255567 3.76356310435669 3.767293825322777
0.29612254379880343 3.828007451748902 3.8283378049961945
0.298521059941174 3.894500815479688 3.8915935727462707
0.3009390034449721 3.963087578999248 3.957134743659023
0.3033765316668087 4.033753864949151 4.0249509613830075
0.3058338032378433 4.106459610553817 4.094982022418681
0.30831097807410607 4.181144841929945 4.1671356149130325
0.3108082173869064 4.257697139767049 4.241240577964293
0.3133256836933232 4.335962071811827 4.317046059570463
0.31586354082678175 4.415775749095236 4.394278344973221
0.3184219539477163 4.496970197050054 4.472656180505184
0.32100108955431716 4.579358599674551 4.551859635692299
0.3236011154933679 4.662772582430332 4.631586414603484
0.326222200971167 4.747122681636138 4.711653883541404
0.3288645165645403 4.832353943481592 4.791937950790685
0.3315282342319425 4.918451476783854 4.872371858831463
0.33421352732464654 5.0055089290247405 4.953053224819082
0.3369205705980267 5.0936553377502705 5.0341432219613536
0.33964954022293015 5.183035318043154 5.115830292821745
0.3424006137971424 5.273831412412097 5.19836006122405
0.34517397035694564 5.366260725121768 5.282046822753887
0.34796979038876913 5.4605490757937485 5.367228154830519
0.35078825584093626 5.556921762730618 5.454238541887421
0.3536295501355043 5.655605090299849 5.5434176965137
0.3564938581802018 5.75681009041066 5.635089408583769
0.35938136638046275 5.860682487599998 5.729472146197355
0.36229226265155634 5.967334398066111 5.826723469638544
0.36522673643081754 6.076842392023507 5.926945536578081
0.3681849786899744 6.189171290712393 6.03006369430619
0.3711671819475765 6.304251346098323 6.135939025724652
0.37417354028152466 6.421994209223969 6.244397217839115
0.37720424934169977 6.542256360672897 6.355178190294106
0.38025950636269695 6.664863622456598 6.467960501247526
0.3833395101766601 6.789654722371555 6.582431188015861
0.3864444612262222 6.916551277506986 6.698412437275428
0.3895745615775503 7.045511800360949 6.815791580672832
0.3927300149334944 7.176511343686882 6.934480557631025
0.39591102664684585 7.30957571147216 7.054474703111645
0.39911780373370004 7.444759087481787 7.175820804622659
0.4023505548869291 7.582144290418246 7.298613274460035
0.40560949048976436 7.721908328013837 7.42309993430476
0.40889482262948623 7.864265660246225 7.549599541820259
0.4122067651112274 8.009436112176175 7.67844868037288
0.41554553347188755 8.157630495544819 7.809963992043562
0.41891134499415866 8.309045767539969 7.944437075697812
0.42230441872066743 8.463858407314309 8.082130884054031
0.4257249754682285 8.622157509977974 8.223159588798802
0.4291732378422157 8.783984688541011 8.367547951114425
0.4326494302510497 8.949366252122926 8.51529015063479
0.4361537789208004 9.118295249520745 8.66632356292802
0.43968651190991126 9.290761141819296 8.820580058946563
0.4432478591240398 9.46674357188991 8.9779724130652
0.44683805233102 9.64617291405321 9.13833236086369
0.45045732517594583 9.828978147529527 9.301488234967293
0.4541059131963756 10.015105417659989 9.467292157335136
0.45778405383766185 10.20457145093421 9.635721210229793
0.4614919864684024 10.397426569361564 9.806813023490054
0.46522995239601894 10.593737133646961 9.980632894822419
0.46899819488246164 10.793623732513868 10.157339743274678
0.47279695916003883 10.997213572292095 10.33710166068307
0.47662649244737804 11.204638831769905 10.520095786943356
0.48048704396551317 11.416070185965326 10.706561769926157
0.48437886495410415 11.631682400548662 10.896748453206495
0.488302208687788 11.851639470745193 11.090890752925908
0.4922573304926599 12.076056223174355 11.28913165769182
0.4962444877628916 12.30503537368776 11.49159381197549
0.5002639399774802 12.538667216806969 11.698381121163935
0.5043159487171359 12.776955753723989 11.909445987398833
0.5084007776813056 13.019876676860312 12.124685803638908
0.512518692705333 13.26740940713114 12.343998596021933
0.5166699617777601 13.5195568952755 12.567329058417775
0.5208548550577663 13.776341773852735 12.79465854966714
0.5250736448927505 14.037799904279757 13.025989816986032
0.5293266058360562 14.304018379757492 13.261419696627229
0.5336140146648366 14.575090192425867 13.501052981171409
0.5379361503980701 14.851109154276093 13.744993539190997
0.5422932943147153 15.132211882804205 13.993419215782088
0.546685729972018 15.41855731112978 14.24655387397258
0.5511137432239657 15.710302169795286 14.504624278794426
0.5555776222398878 16.007561813202205 14.767778273764664
0.5600776575232114 16.310431502143103 15.03612444748666
0.564614141930367 16.619000275303602 15.309760612898607
0.5691873706898455 16.933321480096502 15.588720003268131
0.5737976414214134 17.253441064383534 15.87302222758306
0.5784452541554796 17.579410618314824 16.162696098364744
0.5831305113526222 17.911294227760138 16.457796240046765
0.5878537179232721 18.249158804002292 16.758381369328294
0.5926151812475553 18.593071432095936 17.06450830330869
0.5974152111952984 18.943110638573774 17.3762567417831
0.6022541201461928 19.29935437164377 17.69370501976311
0.6071322230101247 19.661882348480383 18.016933197296296
0.6120498372476699 20.030814207089094 18.346094420504727
0.6170072828907519 20.406296326157122 18.681397914061325
0.6220048825634712 20.788474561546213 19.023059152017552
0.6270429615030991 21.177446122792425 19.371201011383015
0.6321218475812451 21.573282157506643 19.72589335558937
0.6372418713251952 21.9760540279219 20.08720484408005
0.642403365939419 22.385845438885614 20.4552297630896
0.6476066673272586 22.80274447224149 20.830072141693112
0.6528521141127848 23.226836774408493 21.21183164772216
0.6581400476628358 23.658196669677718 21.600587273399366
0.6634708121092348 24.096894421319227 21.9964106150435
0.6688447543711816 24.543004183014045 22.39938048556821
0.6742622241778342 24.99662746283576 22.809630298561746
0.6797235740910649 25.457880741895508 23.22732615990517
0.6852291595284061 25.926879781959965 23.652636241355584
0.6907793387861818 26.403731266438975 24.08571065133732
0.6963744730628222 26.888536642732408 24.526689650237447
0.7020149264823728 27.38139540994518 24.975712198195342
0.707701066118189 27.882386799567985 25.432879889572888
0.7134332620168252 28.39157712936994 25.898268973004114
0.7192118872221189 28.90903349614929 26.371956459052015
0.725037317799465 29.434844042116914 26.85406326853654
0.730909932860291 29.969110066220786 27.344740280064457
0.7368301145867304 30.51193245603756 27.844140698441315
0.7427982482564914 31.063406855241237 28.352408617592058
0.7488147222679341 31.62362529211667 28.869682370706535
0.7548799281653436 32.1926786447599 29.396100468048417
0.7609942606644126 32.770650318978674 29.931788587674465
0.7671581176779302 33.35761837099696 30.476863075043447
0.773371900341675 33.953660453007 31.031440821503413
0.7796360130405233 34.558860617768566 31.59565410461533
0.785950863434763 35.17330719547869 32.169647370840615
0.7923168624866254 35.79708774132643 32.7535667840544
0.7987344244870308 36.43028711849696 33.34755574079761
0.8052039670825474 37.07298799612912 33.951756088100154
0.8117259113025744 37.72527208440827 34.566310848811874
0.8183006815867394 38.38722024328095 35.191364442730666
0.8249287058125209 39.05891238221689 35.82706245923435
0.8316104153230962 39.740427220048474 36.47355112297228
0.838346244955409 40.43184126492024 37.13097521646269
0.8451366330684718 41.133229000540176 37.799478406873156
0.8519820215718905 41.84466362463929 38.479204793220056
0.858882855954625 42.566217188275374 39.17029923335293
0.8658395853139816 43.29796052049832 39.872907236626006
0.8728526623848375 44.03996305306707 40.58717462762374
0.8799225435691069 44.79229274322086 41.313247444603256
0.8870496889654408 45.555016041869244 42.05127186945181
0.8942345623991698 46.32819788400228 42.80139417981935
0.9014776314524917 47.11190162826263 43.563760462016766
0.9087793674948977 47.906189024839705 44.33851661823528
0.9161402457138517 48.71112021464829 45.12580857057096
0.9235607451457118 49.52675388455517 45.92578361878005
0.9310413487069076 50.3531471913312 46.73859176801915
0.9385825432253676 51.19035557644276 47.564384631867206
0.9461848194721997 52.03843289922882 48.403315056200235
0.9538486721936326 52.897431404203765 49.25553693500216
0.9615746001432101 53.76740156987973 50.12120418779261
0.9693631061142512 54.64839205100874 51.00047045712363
0.9772146969725725 55.54044966133672 51.89348905297091
0.985129883689471 56.44361938764456 52.8004131168462
0.9931091813749796 57.35794438604848 53.72139561296361
1.0011531093113901 58.28346597075308 54.65658925294684
1.0092621909870474 59.22022359692137 55.606146356479314
1.0174369541304151 60.168254851504486 56.57021876863381
1.025677930744422 61.12759544952133 57.548957787185365
1.033985657141083 62.09827923567472 58.54251408952587
1.042360673976401 63.08033818780701 59.55103760404219
1.0508035262855564 64.07380242172876 60.574677395056945
1.05931476351837 65.07870019724454 61.61358161079551
1.0678949395750656 66.09505792537453 62.66789758625775
1.076544612842316 67.12290018167946 63.73777187081279
1.0852643462295801 68.16224972386698 64.82335014233045
1.0940547072057425 69.21312743665234 65.92478108212576
1.1029162678360347 70.2755523441463 67.04221681058833
1.111849604819271 71.34954171849058 68.17580843994469
1.1208552995253764 72.43511111698807 69.32570603616793
1.1299339380332216 73.53227441568467 70.49206012185154
1.139086111168768 74.64104384310572 71.67502238745435
1.148312414543511 75.76143002000691 72.87474383714704
1.1576134485932472 76.89344200278433 74.09137666685693
1.1669898186171475 78.03708733164066 75.3250750602261
1.1764421348171485 79.19237208234301 76.57599256456568
1.1859710123376694 80.35930092114381 77.84428138830441
1.1955770713056357 81.53787716305612 79.13009213373236
1.2052609368708427 82.72810283390811 80.43357427576171
1.2150232392466371 83.92997873626675 81.75487625090963
1.2248646137509307 85.14350451924173 83.09414541460295
1.2347857008475491 86.36867875208723 84.45152773940947
1.244787146187906 87.60549900158256 85.8271676566694
1.2548696006530267 88.85396191319794 87.22120803494155
1.265033720395904 90.1140632960725 88.63379038871712
1.275280166884199 91.38579821186711 90.06505492190051
1.2856096069432952 92.66916106754344 91.5151401179424
1.2960227127996844 93.964145712079 92.9841816624064
1.3065201621247213 95.2707455369143 94.47231183824584
1.3171026380787234 96.58895357990315 95.97966071646948
1.3277708293554291 97.91876263255061 97.50636052959179
1.3385254302268221 99.26016535137053 99.05254813611084
1.3493671405883065 100.6131543742804 100.61835929654177
1.3602966660042588 101.97772243892067 102.20393373589486
1.3713147177539455 103.35386250489613 103.80941867281567
1.38242201287781 104.74156788133774 105.43496103636572
1.393619274224142 106.1408323570068 107.08070555077164
1.4049072304961119 107.55165033363826 108.746793962592
1.4162866162991987 108.97401696226352 110.4333666838307
1.4277581721889965 110.40792828294789 112.14056310979139
1.4393226447194065 111.85338136784868 113.86852486648391
1.4509807864912285 113.3103744673771 115.6173982453197
1.46273335620113 114.77890715884656 117.3873291300247
1.4745811186910267 116.25898049805751 119.17846218598893
1.4865248449978572 117.75059717347526 120.99094086172299
1.4985653124037577 119.25376166285675 122.82490751142348
1.510703304486654 120.768480392122 124.68050340782251
1.5229396111712465 122.2947618962778 126.55786867940645
1.5352750287804227 123.83261698217828 128.45714220989342
1.54771036008708 125.38205889289615 130.37846156808166
1.5602464143663695 126.94310347346713 132.32196296833416
1.5728840074483597 128.51576933774885 134.28778125001682
1.5856239617711372 130.10007803612535 136.27604984709544
1.5984671064343199 131.6960542237544 138.28690070932834
1.6114142772530198 133.3037258290547 140.32046418488233
1.6244663168122364 134.92312422210114 142.37686890451386
1.6376240745216872 136.55428438259727 144.45624183443888
1.6508884066710954 138.197245067071 146.55870846175026
1.6642601764859035 139.85204897489783 148.6843929962404
1.67774025418346 141.51874291272497 150.83341795681568
1.6913295170296487 143.19737795720366 153.0059122074617
1.7050288493959789 144.88800961531288 155.20202101319916
1.7188391428171457 146.5906979807102 157.42189164371985
1.7327612960490402 148.30550788743074 159.6656708891342
1.7467962151272458 150.03250905991632 161.93350463041702
1.760944813426 151.77177625876774 164.22553800168342
1.775208011717634 153.5233894208805 166.54191576657686
1.7895867382325032 155.28743379352042 168.8827831125304
1.8040819287193828 157.06400006187303 171.24828668296053
1.8186945265063736 158.85318447362195 173.638573138635
1.8334254825622907 160.65508895404426 176.05378937131925
1.848275755558549 162.4698212125103 178.49408346312103
1.8632463119315599 164.29749484349048 180.95960358364937
1.8783381259456144 166.13822941762987 183.45049764550694
1.8935521797562953 167.99215056323214 185.9669130743098
1.908889463474391 169.85939003716763 188.5089970696358
1.9243509752303303 171.74008578555143 191.07689670045716
1.9399377212391467 173.6343819935234 193.6707589572288
1.955650715865949 175.54242912376517 196.2907306541463
1.9714909816919446 177.46438394307282 198.93695836191736
1.9874595495809837 179.4004095364656 201.60958844012382
2.003557458746646 181.35067530849045 204.3087671575804
2.0197857568198785 183.31535697142925 207.03464087019717
2.036145499917162 185.29463652072096 209.78735583009393
2.052637752709252 187.28870219706806 212.56705780178018
2.0692635884904598 189.29774843516202 215.37389138546862
2.086024089248503 191.3219757965514 218.20800078038675
2.1029203457349253 193.36159088714868 221.06953167488825
2.119953457536071 195.4168062586656 223.9586348858353
2.137124533144652 197.48784030616306 226.87546237999098
2.1544346900318843 199.5749171458557 229.82016764621986
2.1718850547202107 201.67826647599148 232.79290865574566
2.1894767628566205 203.79812343194894 235.793844750796
2.207210959286545 205.93472842517195 238.82313557045
2.2250887981283696 208.08832696853304 241.88094035544
2.2431114428485395 210.25916948724478 244.96741865793965
2.261280066337277 212.44751111839807 248.0827306718533
2.279595850984919 214.65361149829653 251.22703730197364
2.298059988758851 216.8777345380904 254.40049950253876
2.3166736812810895 219.1201481914872 257.6032786727866
2.335438139906479 221.3811242115023 260.835536782505
2.3543545858015236 223.66093789740123 264.0974364821044
2.373424250023866 225.9598678329764 267.38914111891285
2.3926483736023934 228.2781956171531 270.7108147637828
2.412028207618007 230.6162055877787 274.0626222120222
2.431565013285041 232.97418453946784 277.44472901096316
2.451260062033337 235.35242143641048 280.8573014866582
2.471114635590999 237.75120712108463 284.30050677476896
2.4911300260677884 240.17083401991835 287.77451284407107
2.5113075360392254 242.611595846932 291.27948851668896
2.5316484786313556 245.07378730648276 294.815603501787
2.5521541776062033 247.5577037961426 298.38302843483285
2.5728259674479323 250.0636411108542 301.98193493504783
2.593665193449674 252.59189514922528 305.61249560599816
2.614673211801092 255.14276162330262 309.2748840246334
2.6358513896766333 257.7165357727279 312.9692746591179
2.657201105324504 260.3135120853191 316.6958430131393
2.6787237481563717 262.9339840229707 320.45476528782575
2.7004207188377727 265.57824375252744 324.2462169535208
2.7222934293792744 268.2465818929622 328.07037395168044
2.7443433032283653 270.9392872712871 331.9274132834762
2.7665717753620918 273.6566466884922 335.81751319429975
2.7889802923804394 276.39894469808814 339.7408533099757
2.8115703126004905 279.16646339486283 343.6976144921803
2.8343433061513092 281.95948221610706 347.68797855315677
2.857300755069629 284.7782777512616 351.71212727515734
2.8804441533962977 287.62312358145357 355.77024320877837
2.9037750072735062 290.49429012986724 359.8625100009744
2.927294835042816 293.39204451973535 363.9891117868167
2.951005167343955 296.31665045647065 368.15023367044273
2.9749075472144404 299.26836812341344 372.3460620538719
2.999003530189995 302.2474540911304 376.5767848262731
3.0232946844057764 305.25416123912385 380.8425912910736
3.0477825906984406 308.28873869190124 385.143672118747
3.0724688427090037 311.35143176920843 389.48021934589684
3.097355046986565 314.4424819502666 393.8524264512285
3.122442823092858 317.5621268513072 398.2604884493209
3.147733803707643 320.71060021550386 402.7046019168016
3.173229634734976 323.8881319155894 407.18496498148085
3.198931975410301 327.09494796866835 411.7017772179807
3.2248424984084423 330.331270565992 416.25523977318045
3.25096288995246 333.597318116254 420.84555556708636
3.277294849923382 336.89330530477423 425.472929867171
3.3038400919708435 340.21944315852426 430.13756999785323
3.330600343624589 343.5759391209368 434.83968461372706
3.3575773464069107 346.9629971224939 439.5794807435717
3.384772855945983 350.380817701027 444.357165681676
3.412188642090111 353.82959812475076 449.1729481090743
3.4398264890229244 357.309532502957 454.0270363820595
3.46768819537947 360.82081192655767 458.91963996625344
3.4957755743632752 364.36362461340264 463.8509702576931
3.5240904538643507 367.93815605463345 468.82124079438694
3.552634676578139 371.54458916007536 473.83066601214955
3.581410100125452 375.18310440356066 478.879461589489
3.610418597173337 378.8538799708727 483.9678439997061
3.6396620555569683 382.55709191719023 489.0960236676242
3.669142378402494 386.2929143087715 494.26420857138027
3.698861484250891 390.0615193622251 499.472608212901
3.7288213071828338 393.8630775855483 504.72143433165263
3.759023796944539 397.697757918059 510.0109005947416
3.7894709190746676 401.5657278680665 515.3412222078878
3.820164655032238 405.4671536480973 520.7126157743244
3.851107002325569 409.40220030782604 526.1252994327765
3.8822999746422937 413.3710318653019 531.5794930586422
3.913745601980384 417.37381143691755 537.0754183255232
3.9454459307802736 421.41070136616634 542.6132986684199
3.9774030240580367 425.4818633509939 548.193359099172
4.00961896153964 429.58745856853983 553.8158263235996
4.042095839796306 433.7276477965024 559.4809289783569
4.074835772380931 437.90259152918856 565.1888984053516
4.1078408899656464 442.11245008867235 570.9399683560595
4.141113340480481 446.3573837284519 576.734374290139
4.174655289253135 450.63755273014146 582.5723505695898
4.208468919149917 454.9531174844172 588.454131756881
4.242556430717777 459.3042385631713 594.3799522631721
4.276920042327532 463.6910768045626 600.3500270043313
4.3115619903182285 468.1137933556607 606.3645592825803
4.3464845291426775 472.57254970618743 612.4237529459037
4.38168993151419 477.06750773332016 618.5278145016636
4.417180488554454 481.5988297521868 624.676952737459
4.452958509942655 486.16667856897317 630.8713774090207
4.489026324065787 490.7712175375393 637.1112983432862
4.525386278170167 495.41261061408505 643.396923658402
4.56204073851422 500.0910224274325 649.7284606649721
4.598992090522438 504.8066183542573 656.1061173762496
4.6362427389406395 509.5595645823093 662.5301015914702
4.673795107992464 514.3500281722379 669.0006210377646
4.711651641537129 519.1781771114267 675.5178840443274
4.7498148032284995 524.0441803535235 682.0820998097839
4.788287076675383 528.9482078437078 688.6934783914089
4.827070965603183 533.890430531246 695.3522305379453
4.866168994016832 538.8710203727187 702.0585676402428
4.905583706365046 543.89015032895 708.812701766909
4.9453176677059325 548.9479943593051 715.614845787964
4.985373463873894 554.0447274161406 722.4652133954933
5.025753701647927 559.1805254425942 729.3640190580477
5.0664610089212685 564.3555653750889 736.311477792413
5.107498034872408 569.5700251530081 743.3078052241431
5.148867450137493 574.8240837337833 750.3532178410592
5.190571946984149 580.1179211123488 757.4479338968113
5.2326142394866615 585.4517183336615 764.5921732712796
5.27499706370262 590.8256574946582 771.7861564501454
5.317723177850972 596.2399217178581 779.0300991527814
5.360795362491524 601.694695137125 786.3242131815446
5.404216420705915 607.1901628826932 793.6687106042668
5.447989178280003 612.7265110312876 801.0638014504565
5.49211648388779 618.3039265661029 808.5096941688598
5.536601209276798 623.9225973534842 816.006597728518
5.58144624945496 629.5827121340171 823.5547221729745
5.626654522879044 635.2844605388666 831.1542780894625
5.672228971644543 641.0280331315354 838.8054760840042
5.718172561677172 646.813621474286 846.5085269618368
5.764488282925879 652.6414182181512 854.2636396559857
5.811179149557418 658.511617188058 862.0710212930394
5.858248200152536 664.4244134496679 869.9308793121862
5.905698497903679 670.3800033621854 877.8434218243095
5.95353313081437 676.3785846091652 885.808857599548
6.00175521190016 682.420356209885 893.8273957983664
6.050367879391218 688.5055185163149 901.899245899882
6.099374296936585 694.6342732037169 910.0246177224861
6.148777653810023 700.8068232604919 918.2037215335298
6.198581165117596 707.0233729792637 926.4367680837229
6.248788072006894 713.2841279452904 934.7239685927715
6.299401641877963 719.5892950136745 943.0655346537476
6.350425168595962 725.9390822631356 951.4616782331199
6.401861972705489 732.3336989146557 959.9126117801209
6.4537154016467015 738.7733552071478 968.4185485696349
6.50598882997316 745.2582622333151 976.9797027489407
6.558685659571428 751.7886317505236 985.5962889740264
6.611809319882495 758.3646759972398 994.2685211441061
6.6653632681249135 764.9866075494475 1002.9966122360627
6.719350989519823 771.6546392602736 1011.7807754558277
6.773775997517752 778.3689843414223 1020.6212187241146
6.828641834027266 785.1298565642888 1029.518143564905
6.883952069645496 791.9374705568016 1038.4717511614667
6.939710303890466 798.7920421867468 1047.4822434562739
6.995920165435375 805.6937889540598 1056.5498235075925
7.052585312344735 812.6429303237355 1065.674694805709
7.109709432312432 819.639687941625 1074.857060789481
7.167296242901739 826.6842857023014 1084.097123496303
7.225349491787214 833.7769496796666 1093.3950832333385
7.283872956998614 840.917907949691 1102.7511402646562
7.342870447166765 848.107390310068 1112.1654945207194
7.40234580177141 855.3456279470221 1121.6383453375593
7.462302891391108 862.6328530891248 1131.1698920223957
7.522745617955084 869.9692986735473 1140.7603340137025
7.583677914997191 877.3551980562073 1150.4098709583495
7.645103747911887 884.7907847925417 1160.118702564405
7.707027114212296 892.2762925190409 1169.8870285622647
7.7694520437903885 899.811954965916 1179.715048701708
7.832382599179196 907.3980061300716 1189.6029628340625
7.8958228758172275 915.034680620744 1199.550970946861
7.959777002314985 922.7222141546115 1209.5592731299694
8.024249140723644 930.4608441260687 1219.6280694374482
8.089243486805938 938.2508101337784 1229.7575598231933
8.154764270309178 946.092354329759 1239.9479443272614
8.22081575524054 953.9857214894342 1250.1994235904674
8.28740224014456 961.931158771283 1260.5121991455896
8.354528058382863 969.928915219953 1270.8864727088012
8.422197578416212 977.97924112638 1281.3224427963316
8.490415204088746 986.0823874126753 1291.820302637775
8.559185374914618 994.2386051949587 1302.3802448400888
8.628512566366895 1002.448145529638 1313.002460748623
8.698401290168814 1010.7112593998968 1323.6871397591358
8.768856094587427 1019.0281979380752 1334.4344710371918
8.839881564729554 1027.3992128178961 1345.24464385046
8.911482322840202 1035.824556768773 1356.1178474703827
8.98366302860337 1044.304484162492 1367.0542704683278
9.056428379445293 1052.8392516298732 1378.0541010814202
9.12978311084014 1061.42911864599 1389.1175262949448
9.20373199661822 1070.0743479644946 1400.2447310226512
9.278279849276613 1078.7752057412986 1411.4358997143827
9.353431520292386 1087.5319612434969 1422.6912167190392
9.429191900438322 1096.3448861309523 1434.0108663978071
9.50556592010119 1105.2142534497534 1445.3950328839358
9.582558549602648 1114.140336576032 1456.843900010433
9.660174799522645 1123.1234083566676 1468.3576512878583
9.738419721025545 1132.163740613868 1479.9364699886235
9.817298406188842 1141.2616040758367 1491.5805391850222
9.896815988334524 1150.4172687105731 1503.2900417393537
9.9769776423632 1159.631004389267 1515.0651602362818
10.057788585090808 1168.9030817814726 1526.9060769266898
10.139254075588154 1178.2337733779052 1538.8129738188395
10.221379415523158 1187.6233545318291 1550.7860328893742
10.304169949505875 1197.0721043794122 1562.8254363086085
10.387631065436352 1206.5803064488528 1574.9313661055912
10.471768194855203 1216.1482487556884 1587.1040033748807
10.556586813297129 1225.7762232898644 1599.343527356375
10.642092440647247 1235.4645250027188 1611.6501168039943
10.728290641500308 1245.2134506046386 1624.0239479027061
10.815187025522881 1255.0232974667915 1636.465191243582
10.902787247818345 1264.8943627701658 1648.974016238237
10.991097009294972 1274.8269429788156 1661.5505921353902
11.080122057036919 1284.8213336351357 1674.1950884368975
11.169868184678226 1294.8778295156048 1686.907674184787
11.260341232779911 1304.996725175251 1699.6885178582047
11.35154708920999 1315.1783158445967 1712.5377875962351
11.443491689526706 1325.422898519493 1725.4556519809016
11.536181017364784 1335.7307729707018 1738.4422793548745
11.629621104824842 1346.1022423498412 1751.4978377867196
11.723818032865985 1356.5376132593485 1764.6224951804802
11.818777931701483 1367.0371954663974 1777.816419079547
11.914506981197759 1377.601301601765 1791.079776598331
12.011011411276566 1388.2302470159516 1804.4127343992443
12.108297502320394 1398.9243496515937 1817.815458751173
12.206371585581252 1409.683929717248 1831.2881155566763
12.305240043592615 1420.5093091814456 1844.830870359516
12.404909310584847 1431.4008113471732 1858.443888326768
12.505385872903913 1442.3587607471884 1872.1273342342288
12.606676269433496 1453.383483354501 1885.8813724871302
12.708787092020582 1464.4753068423477 1899.7061671592464
12.811724985904382 1475.6345605896645 1913.601882053427
12.91549665014884 1486.8615754262423 1927.5686806381034
13.020108838078587 1498.1566834809385 1941.606725938759
13.125568357718427 1509.5202184197065 1955.7161803319918
13.231882072236449 1520.952515798754 1969.8972058139475
13.339056900390586 1532.4539129478253 1984.1499648569934
13.447099816978945 1544.0247482433278 1998.4746222147326
13.556017853293689 1555.6653603454647 2012.871342857476
13.665818097578622 1567.3760880258358 2027.3402917248122
13.776507695490535 1579.1572707237349 2041.8816343005367
13.88809385056415 1591.009249443321 2056.4955363620074
14.000583824680975 1602.9323676151714 2071.1821635709857
14.113984938541883 1614.9269721486269 2085.941680946811
14.22830457214352 1626.9934152771593 2100.7742519904386
14.34355016525864 1639.1320571008287 2115.6800397121783
14.459729217920195 1651.3432675240717 2130.659206233021
14.576849290909482 1663.6274261847966 2145.7119103345417
14.694918006248173 1675.9849201667785 2160.8383097146884
14.813943047694329 1688.4161402664781 2176.0385619080275
14.933932161242518 1700.9214765350969 2191.3128247069294
15.054893155627816 1713.5013135126333 2206.661255797539
15.176833902834053 1726.1560258795116 2222.0840125879054
15.299762338606095 1738.8859760512926 2237.581252112105
15.423686462966273 1751.6915152882711 2253.153131155374
15.548614340735089 1764.5729882352914 2268.799806355683
15.67455410205595 1777.5307389768805 2284.5214342000127
15.801513942924352 1790.5651169480686 2300.318170936296
15.92950212572123 1803.676482459224 2316.190172388431
16.058526979750674 1816.8652117838049 2332.1375941196543
16.188596901781974 1830.1317009393686 2348.1605917083816
16.31972035659613 1843.476367112706 2364.2593214544227
16.451905877536625 1856.8996474851149 2380.4339397770973
16.585162067064847 1870.401995850978 2396.6846021828696
16.7194975973199 1883.983876753625 2413.0114603473353
16.854921210682953 1897.6457563843403 2429.414664641871
16.99144172034626 1911.3880913594826 2445.8943633856165
17.129068010886602 1925.2113185136745 2462.4506959028054
17.26780903884356 1939.1158482659675 2479.083798417635
17.40767383330237 1953.1020626723368 2495.793806876938
17.548671496481504 1967.170318765031 2512.5808580801754
17.690811204325115 1981.320957313093 2529.445088602286
17.83410220710008 1995.5543156399563 2546.3866343782715
17.978553829998063 2009.870741554604 2563.4056307068563
18.124175473742376 2024.2706062710279 2580.5022138397453
18.27097661519974 2038.7543157687633 2597.67652017268
18.41896680799711 2053.3223188813654 2614.9286858117152
18.56815568314329 2067.9751094745175 2632.258846732732
18.71855294965579 2082.7132217998987 2649.66713859122
18.870168395192668 2097.5372193750686 2667.153696593713
19.02301188668944 2112.4476776469937 2684.7186554643567
19.177093371001327 2127.445162137145 2702.362149505409
19.332422875550453 2142.530207507251 2720.0843126472523
19.48901050897848 2157.7033031103792 2737.885278462321
19.646866461804464 2172.9648859558683 2755.765180151015
19.806001007088017 2188.3153410960654 2773.7241505143074
19.966424501097933 2203.7550110718075 2791.76232197527
20.128147383986057 2219.2842135262335 2809.879826618481
20.29118018046678 2234.903263162077 2828.076796294507
20.45553350050197 2250.612496192736 2846.3533625646724
20.621218039991426 2266.412296269674 2864.709656603037
20.788244581469023 2282.3031153924894 2883.1458088456466
20.95662399480433 2298.2854832870053 2901.661949233989
21.126367237910063 2314.3600052121365 2920.258208003023
21.297485357455212 2330.5273484043037 2938.9347193800527
21.469989489583895 2346.7882163249787 2957.691619250476
21.6438908606402 2363.143315963839 2976.52904348558
21.819200787898644 2379.5933261466685 2995.447128562343
21.99593068030075 2396.1388683197497 3014.446011197187
22.174092039197525 2412.780482562867 3033.525828026189
22.353696459097943 2429.518616658393 3052.686715451
22.534755628423554 2446.3536311989137 3071.928809746692
22.71728133026905 2463.28582028787 3091.252247163488
22.901285443169165 2480.3154482629975 3110.657163983394
23.086779941871697 2497.442794884265 3130.143696506554
23.273776898116786 2514.66819590871 3149.711981037711
23.462288481422625 2531.992074517063 3169.3621538857933
23.652326959877282 2549.414961736877 3189.0943513824845
23.843904700937205 2566.937502732793 3208.9087099014514
24.037034172232037 2584.560449103281 3228.8053658738777
24.231727942375983 2602.2846351642893 3248.784455799159
24.427998681785848 2620.110935928534 3268.8461162554327
24.625859163505467 2638.040215051868 3288.9904839112332
24.825322264037062 2656.0732725065677 3309.2176955386963
25.026400964179192 2674.210800533025 3329.527888026982
25.229108349871513 2692.4533574235493 3349.921198395467
25.433457613046482 2710.801362762104 3370.3977638067713
25.639462052487733 2729.2551170258434 3390.9577215797867
25.847135074695636 2747.8148467517344 3411.6012092029996
26.056490194759753 2766.480763445717 3432.3283643479494
26.267541037238356 2785.2531243635226 3453.139324882888
26.480301337045198 2804.1322846832854 3474.034228886508
26.694784940343208 2823.1187339619146 3495.0132146617443
26.911005805445686 2842.213120797115 3516.0764207497477
27.128978003724672 2861.4162582122613 3537.223985943921
27.34871572052665 2880.729099266104 3558.4560493041336
27.570233256095825 2900.1526863660283 3579.772750171071
27.793545026504624 2919.688080565607 3601.174228180608
28.018665564591952 2939.3362903602715 3622.6606232784384
28.24560952090896 2959.098211629316 3644.2320757346847
28.47439166467245 2978.98470083881 3678.0971146273387
28.705026884726152 2998.992745569526 3720.1002035386987
28.937530190509502 3019.1164226065985 3762.7038036630315
29.171916713034552 3039.3559500012875 3805.9174336623114
29.40820170587064 3059.7114819409844 3849.7507498703194
29.64640054613707 3080.183192938859 3894.213547984586
29.886528735503827 3100.7713542981764 3939.315764782321
30.1286019012005 3121.4763923763185 3985.067479860832
30.372635797033116 3142.298929653572 4031.4789174029393
30.61864630440949 3163.2398032589053 4078.560447967986
30.866649433372746 3184.300049307463 4126.322590308981
31.116661323643182 3205.4808561230625 4174.77601321644
31.368698245668764 3226.7834897460216 4223.931537389455
31.622776601683793 3248.209204189674 4273.8001373346415