0.01 0.0018306528066982823 0.0016787596342219984
0.010080997417879815 0.0018765546013615512 0.0017207187813561228
0.010162650893929946 0.0019234961259601779 0.0017636165717160738
0.01024496574205218 0.0019714972574653234 0.001807470383427623
0.010327947319189514 0.0020205795118123653 0.0018522991427698296
0.010411601025674826 0.0020707651266862934 0.0018981224174325862
0.010495932305582278 0.00212207371070533 0.001944957212433095
0.010580946647081622 0.0021745224709004353 0.001992818163339682
0.010666649582795394 0.0022281300455584113 0.002041721172159127
0.010753046690158913 0.0022829176273021492 0.0020916844867281863
0.01084014359178331 0.0023389076762302162 0.0021427275167583202
0.010927945955821397 0.0023961220455239437 0.0021948690670134667
0.011016459496336563 0.002454584541117627 0.0022481297670926105
0.011105689973674648 0.0025143209421928173 0.0023025320691267134
0.011195643194838782 0.0025753558566749225 0.002358097283282057
0.01128632501386735 0.002637710099820331 0.0024148430841634838
0.011377741332214914 0.002701402622891356 0.002472785298139266
0.011469898099136294 0.002766455168830707 0.002531942267191043
0.01156280131207376 0.002832890460484425 0.002592333128850597
0.011656457017047286 0.0029007306588856208 0.002653976424173722
0.011750871309048075 0.002969997495290469 0.00271689024017585
0.011846050332435167 0.0030407173911691874 0.0027810970634934624
0.011942000281335319 0.0031129198085973844 0.0028466221732748446
0.01203872740004614 0.003186631855631696 0.0029134885848561875
0.012136237983442405 0.003261876033237707 0.0029817149342522423
0.012234538377385784 0.00333867449422497 0.0030513194844468236
0.01233363497913776 0.0034170538226748846 0.003122324537851406
0.012433534237775988 0.0034970408903999195 0.0031947524674887733
0.012534242654614001 0.003578658391066293 0.003268621534674976
0.01263576678362428 0.003661925678603968 0.0033439467932505304
0.012738113231864785 0.0037468668274478795 0.003420747774165906
0.012841288659908962 0.0038335134834462043 0.0034990511647305027
0.012945299782279153 0.003921900404975867 0.003578886487395338
0.01305015336788363 0.004012058934610531 0.0036602798689705047
0.013155856240457045 0.004104014573793991 0.003743251729919272
0.013262415279004547 0.004197790067322947 0.003827819798481191
0.013369837418249465 0.004293409361735411 0.003914002905044406
0.013478129649084574 0.0043909000866197935 0.004001823307252392
0.013587299019027098 0.004490292842770071 0.004091305926785242
0.013697352632677314 0.004591617865840773 0.004182475158476855
0.013808297652180923 0.004694903309538108 0.00427535331134222
0.013920141297695181 0.004800176137422952 0.004369961491860504
0.014032890847858725 0.0049074657588134936 0.004466323049602995
0.01414655364026531 0.005016803746650185 0.00456446322601542
0.01426113707194129 0.005128222958964082 0.0046644082992751525
0.01437664859982702 0.005241755619730946 0.004766183768377345
0.014493095741262165 0.005357432104815344 0.004869813250399387
0.014610486074474885 0.005475280420031593 0.004975318056054252
0.014728827239075025 0.005595328692697155 0.005082719605142186
0.014848126936551322 0.0057176134106466285 0.005192047275001463
0.014968392930772555 0.00584217821071809 0.005303337045703657
0.015089633048492862 0.005969066450059205 0.005416624296197809
0.015211855179861048 0.006098303049397902 0.00553192640092123
0.015335067278934085 0.0062299023608760225 0.005649250483140021
0.015459277364194777 0.006363882541491262 0.005768607281904867
0.015584493519073536 0.006500285287905371 0.0058900301041637185
0.015710723892474503 0.0066391647792209746 0.006013564033082596
0.01583797669930582 0.006780575149021338 0.006139253827431874
0.01596626022101426 0.0069245645558263175 0.006267138388353967
0.016095582806124196 0.007071177739646788 0.006397253314097725
0.016225952870780873 0.007220457569675603 0.006529632363374369
0.016357378899298156 0.007372425252411147 0.006664287952019062
0.016489869444710648 0.007527091132263132 0.00680122155764285
0.016623433129330324 0.007684468154765084 0.0069404368462767695
0.016758078645307678 0.007844609489531702 0.007081976500269671
0.016893814755197353 0.008007593419624755 0.007225907415631221
0.017030650292528444 0.0081735032828631 0.007372301019746917
0.017168594162379338 0.008342388987798991 0.007521195836683904
0.01730765534195725 0.008514276631420075 0.007672607132352014
0.017447842881182483 0.0086891889223849 0.007826546899808176
0.017589165903277325 0.00886717180459152 0.007983049538149186
0.017731633605359842 0.00904828898374823 0.008142166283786553
0.017875255259042353 0.009232605883464185 0.008303949579703715
0.01802004021103485 0.009420165526068024 0.00846842995794284
0.018165997883753275 0.009610997106703777 0.008635624396279875
0.01831313777593269 0.009805135345859925 0.008805555000328289
0.018461469463245474 0.010002665170147099 0.00897829207787262
0.01861100259892447 0.01020370401063399 0.009153936956466486
0.018761746914391204 0.010408370170613494 0.00933259128925554
0.018913712219889234 0.010616717754741855 0.009514294313463137
0.01906690840512252 0.010828758607676408 0.009699044177239937
0.019221345439899108 0.011044505117871212 0.009886839389951123
0.01937703337477989 0.01126401530754967 0.010077722180132672
0.019533982341732696 0.011487377093327457 0.010271763267347812
0.019692202554791725 0.011714680450130906 0.010469034955792912
0.01985170431072216 0.011946018107120943 0.010669611992070307
0.020012497989690372 0.012181489811856553 0.010873575459739191
0.020174594055939365 0.012421201952115038 0.011081012180457312
0.02033800305846981 0.012665242366734922 0.011291990459092424
0.020502735631726596 0.012913681814301725 0.011506561777617016
0.02066880249629082 0.013166589557103666 0.01172477598727753
0.020836214459577566 0.013424044270690641 0.011946691553013228
0.021004982416539152 0.013686131346463912 0.012172372938801792
0.021175117350374202 0.01395293669278173 0.01240188469942722
0.021346630333242442 0.014224566584209997 0.012635310801596003
0.021519532526985193 0.014501150543347014 0.012872756990295884
0.021693835183851845 0.01478283016877051 0.013114339526595287
0.021869549647232076 0.015069734971071214 0.01336016223872786
0.02204668735239409 0.015361978201855591 0.013610313081079862
0.022225259827228838 0.01565966589713913 0.01386487339180466
0.022405278693000182 0.015962892067214535 0.014123912227539632
0.02258675566510125 0.016271743643621082 0.01438749065917552
0.0227697025538168 0.016586317279742895 0.014655677378806879
0.02295413126509185 0.01690674252691114 0.014928572590889887
0.02314005380130653 0.017233179310695016 0.01520630601567951
0.023327482262057102 0.017565782103704068 0.015489003177089953
0.023516428844943486 0.01790471212025812 0.01577679493798171
0.02370690584636297 0.01825012901967452 0.016069809470425897
0.023898925662310503 0.01860219038396666 0.01636817168837551
0.024092500789185373 0.018960991760912274 0.01667194728442971
0.024287643824604504 0.019326595649036958 0.016981169594178502
0.024484367468222266 0.01969907934246958 0.01729588484476114
0.024682684522556925 0.020078603290598847 0.017616217672381418
0.024882607893823846 0.020465384834451237 0.0179423472141309
0.025084150592775398 0.02085963408864983 0.018274446402992705
0.025287325735547726 0.021261521614497708 0.0186126496381863
0.025492146544514233 0.021671179881302714 0.018957054085750435
0.025698626349146183 0.022088726508435498 0.019307743054348403
0.025906778586880088 0.022514285024491015 0.01966480629901013
0.026116616803992215 0.02294800791277309 0.020028360872918625
0.026328154656480213 0.023390062566847166 0.020398536406530166
0.026541405910951735 0.023840590652480696 0.020775437158082454
0.02675638444552045 0.02429969749863809 0.021159132983116044
0.026973104250709135 0.024767462150895873 0.02154967148203513
0.027191579430360175 0.025244004748981985 0.021947139797426567
0.027411824202553486 0.025729493206561066 0.022351669847800452
0.027633852900531698 0.02622411989621875 0.022763413410281742
0.027857679973633073 0.02672802421871594 0.023182472460589215
0.028083319988231725 0.027241301009864494 0.02360890821285726
0.028310787628685653 0.027764004911692067 0.024042749597723085
0.02854009769829239 0.028296248252827068 0.02448408039299873
0.028771265120252312 0.02883818290057821 0.024933021582590274
0.029004304938639917 0.029389966046322102 0.025389697064439998
0.029239232319382778 0.029951644938356555 0.02585412970281418
0.029476062551248572 0.03052320231645837 0.02632628293084987
0.029714811046840078 0.031104605208905095 0.026806108956023
0.029955493343598132 0.03169591546780143 0.027293650273895013
0.03019812510481288 0.032297266473499814 0.02778901880653556
0.03044272212064303 0.03290880334467541 0.028292337023720426
0.030689300309143495 0.033530590022083494 0.028803652846309924
0.03093787571730138 0.03416260745974844 0.02932293879552419
0.031188464522080173 0.03480475880113683 0.029850105196530273
0.031441083031472646 0.03545699017145336 0.030385108004968738
0.03169574768556207 0.03611931508414895 0.03092796890269945
0.03195247505759212 0.036791794905988204 0.03147874890273862
0.032211281855045536 0.03747435740094076 0.03203738761625187
0.03247218492073129 0.03816682351975059 0.032603728316726775
0.0327352012338808 0.038868968465382646 0.0331775815453083
0.03300034791125285 0.03958070845718581 0.033758891588186214
0.033267642208247544 0.040302041873667725 0.03434768420984847
0.033537101520029304 0.04103295179304615 0.034943974199423994
0.03380874338265885 0.04177329984513122 0.03554767158818101
0.03408258547423452 0.04252290067105885 0.036158646761585825
0.034358645616042634 0.04328159015277821 0.036776791024383165
0.034636941773717324 0.04404922045133622 0.03740201168805789
0.03491749205840979 0.044825605700710126 0.038034183847539545
0.03520031472796679 0.04561052744145429 0.0386731595023035
0.035485428188119006 0.04640380654368796 0.03931883276344341
0.03577285099367873 0.047205305172876064 0.0399711421185371
0.03606260184974747 0.04801486977221582 0.04063001669893148
0.036354699612933195 0.048832277263986486 0.041295326888244395
0.03664916329257757 0.049657258364895096 0.04196690227674011
0.03694601205199302 0.050489570085771186 0.04264459547616359
0.037245265209709826 0.051329004443800265 0.043328294429227365
0.03754694224073337 0.05217538830658506 0.04401792404246238
0.03785106277781155 0.05302857600399751 0.0447134355717984
0.03815764661271248 0.05388845641479761 0.045414810305971144
0.038466713697512506 0.05475488463863549 0.046121997100722796
0.03877828414589457 0.05562771935494113 0.046834948522209
0.0390923782344573 0.05650684973721259 0.04755364657372964
0.0394090164040345 0.05739219788765079 0.048278104851182856
0.03972821926102549 0.058283728673776035 0.0490083726823431
0.04005000757873611 0.059181447171238695 0.04974453529885835
0.04037440229873058 0.06008539147773526 0.05048670835283664
0.040701424532194386 0.060995656100519616 0.05123505440865782
0.04103109556130816 0.06191238922982154 0.051989779711435945
0.041363436840632734 0.06283572251934597 0.05275107036252862
0.04169846999850535 0.06376584245204761 0.05351915609997638
0.04203621683844714 0.06470301887653652 0.054294338112948225
0.042376699340582163 0.06564756731514586 0.0550769575562075
0.04271993966306779 0.06659987480885525 0.0558674144830783
0.043065960143536766 0.06756045194200919 0.056666218466171744
0.04341478330055092 0.06852991749593697 0.05747397977041025
0.043766431835066566 0.06950898559498837 0.058291389516809546
0.0441209286319119 0.07049841781663856 0.0591191731885911
0.04447829676127633 0.07149889748011226 0.059957976064446965
0.04483855948021186 0.07251117988139846 0.060808502370628674
0.04520174023414663 0.07353621842574905 0.061671637134656045
0.04556786265841064 0.07457520125059698 0.06254849223086557
0.045936950579773976 0.07562941803156795 0.06344027378256557
0.04630902801799739 0.07670017515122643 0.06434819616055515
0.046684119187395554 0.07778860884029049 0.06527330833997455
0.04706224849841281 0.07889590877339808 0.06621670529844097
0.047443440559211784 0.08002341625057795 0.06717962433263766
0.04782772017727485 0.0811726932176626 0.06816352221329493
0.048215112361018594 0.08234540537675507 0.06916995830112624
0.04860564232142134 0.0835433494782491 0.0702006153892128
0.04899933547366384 0.08476841352464008 0.07125727229560101
0.04939621743878321 0.08602251893802142 0.07234175307177977
0.049796314045340344 0.08730758955040854 0.07345589098440855
0.05019965133110082 0.08862549166408482 0.07460147466950655
0.05060625554472942 0.08997808428970093 0.07578030236458215
0.051016153147498335 0.09136718371306982 0.07699414460908167
0.0514293708150092 0.09279461820712849 0.07824479815771794
0.05184593543892913 0.09426219450826241 0.07953406118795187
0.05226587412874079 0.09577171238229196 0.08086374324179155
0.05268921421350672 0.09732513865603191 0.0822358319020433
0.05311598324364777 0.0989244035031927 0.0836523087480749
0.05354620899273608 0.10057120894284385 0.08511496019668174
0.053979919459302535 0.10226697006561013 0.08662531114033281
0.0544171428686589 0.10401291872887396 0.08818474133815202
0.054857907674734745 0.10581015518478254 0.08979453535430452
0.055302242561929005 0.1076601074906342 0.09145631151467534
0.055750176446976954 0.10956417262529541 0.09317168574457689
0.05620173848083188 0.11152329584727878 0.0949418684023867
0.05665695805056226 0.11353777476292692 0.09676745551379536
0.05711586478126432 0.11560759320474616 0.09864876421922626
0.0575784885379898 0.11773251818143726 0.10058593037041559
0.05804485942768978 0.11991255611805467 0.10257933130127993
0.05851500780117376 0.12214744294530121 0.10462911258276009
0.058988964255084965 0.12443631972084936 0.10673487442776519
0.05946675963389163 0.12677782673924348 0.10889572712579952
0.05994842503189409 0.12917043468347944 0.1111106054203668
0.0604339917952486 0.13161218058104435 0.1133780329462417
0.06092349152400712 0.1341009839070148 0.1156964079364131
0.06141695607417383 0.1366345655145018 0.11806392216180081
0.061914417559778445 0.13921037056200766 0.12047848566336838
0.06241590835496589 0.1418250091030351 0.12293716607437084
0.06292146109610344 0.1444746584341036 0.12543657856744486
0.0634311086839044 0.14715530119160006 0.1279731256633805
0.06394488428556944 0.14986341662689823 0.1305436453362713
0.06446282133694488 0.15259553885038135 0.13314497784987187
0.06498495354469888 0.1553479176586588 0.1357736458024394
0.06551131488851493 0.15811593782544525 0.13842526772171163
0.06604193962330306 0.16089483603783705 0.1410952462772222
0.06657686228142928 0.16368004674649306 0.14377912464133022
0.06711611767496284 0.1664671222247621 0.14647249373523497
0.06765974089794179 0.16925186528072936 0.1491711152500756
0.06820776732865685 0.17203072491689003 0.15187133319712093
0.0687602326319537 0.17480048232082931 0.15456976190826388
0.06931717276155408 0.1775581728258647 0.15726320666498492
0.06987862396239554 0.18030150674673218 0.15994910294841894
0.07044462277299036 0.18302826513173803 0.16262492478831836
0.07101520602780335 0.18573665181642626 0.16528852647330067
0.07159041085964889 0.18842571869331928 0.1679385918619096
0.07217027470210756 0.19109484070498467 0.17057413050560616
0.07275483529196229 0.1937438455717204 0.17319459388188937
0.07334413067165428 0.1963738106875096 0.17580068510572286
0.07393819919175866 0.19898675364591542 0.1783940890961844
0.07453707951348025 0.20158535873208636 0.18097719258174894
0.0751408106111697 0.20417337783952272 0.18355348601528174
0.07574943177485977 0.20675516000192745 0.18612715636616356
0.07636298261282241 0.209335394939969 0.18870280997011704
0.0769815030541464 0.21191965292842635 0.19128597629461103
0.07760503335133571 0.21451414722585707 0.19388296280379425
0.07823361408292923 0.21712549098374984 0.19650060395879426
0.07886728615614153 0.21976081881438342 0.19914631722508924
0.07950609080952509 0.2224278306554563 0.20182824247456754
0.08015006961565405 0.22513404708546933 0.2045544660834618
0.0807992644838296 0.22788688367571241 0.2073329802244745
0.08145371766280746 0.23069436117324887 0.2101725178183279
0.0821134717435473 0.23356442835097727 0.21308188738613135
0.08277856966198473 0.23650391382787456 0.21606878197759102
0.08344905470182525 0.23951945756730744 0.21914077795759598
0.08412497049736119 0.2426172369395313 0.22230506094463398
0.08480636103631138 0.24580213366739304 0.22556746885134085
0.0854932706626838 0.24907899865260502 0.2289338253685377
0.08618574407966152 0.2524520020046327 0.23240926284889596
0.08688382635251184 0.25592300028261256 0.23599643802533474
0.08758756291151902 0.25949318905588115 0.23969721955617274
0.08829699955494091 0.26316338544253187 0.24351300755980035
0.08901218245198943 0.26693229956377074 0.24744290659051532
0.0897331581458352 0.2707976671551149 0.25148480905501197
0.09045997355663658 0.27475706676208395 0.2556362721597543
0.09119267598459298 0.2788070704228097 0.2598936795808591
0.09193131311302326 0.2829435168793446 0.26425241033439223
0.09267593301146879 0.28716117891489357 0.2687063909772651
0.09342658413882192 0.2914532179580987 0.27324750335023557
0.09418331534647952 0.295812511998933 0.27786693527745493
0.09494617588152204 0.3002325564157341 0.28255629157220014
0.09571521538991866 0.3047064489393359 0.28730667935902776
0.096490483919758 0.3092258328326787 0.2921072529645712
0.09727203192450537 0.31378259800975195 0.29694712393966616
0.09805991026628617 0.31837098688956506 0.30181795215066554
0.09885417021919574 0.32298629812287466 0.3067123701068248
0.0996548634726364 0.3276249989165198 0.31162421724451145
0.10046204213468127 0.33228677265128864 0.316551183008714
0.10127575873546552 0.3369721474329228 0.32149193221358696
0.10209606623060465 0.34168271447107595 0.3264463500843469
0.10292301800464122 0.34642444957955254 0.33141958604413285
0.1037566678745186 0.3512055977785303 0.3364196750224949
0.10459707009308351 0.35603528938803425 0.34145589113813635
0.1054442793526169 0.36092591819608877 0.34654153011084304
0.10629835078839284 0.3658912899836096 0.35169199358381564
0.10715933998226711 0.37094576850403166 0.35692373062111604
0.10802730296629401 0.3761060908277493 0.3622561592115599
0.108902296226373 0.38138971159760576 0.3677101178390349
0.1097843767059249 0.386813513163794 0.37330622787697115
0.11067360180959734 0.3923945108827112 0.3790651640990644
0.11157002940700098 0.3981501490030405 0.3850085335844428
0.1124737178364752 0.4040975237425871 0.39115805624494693
0.11338472590888489 0.4102521252952055 0.39753355032488646
0.11430311291144792 0.41662755341064983 0.4041529587178372
0.1152289386115931 0.42323564179913864 0.41103242456178557
0.11616226326085019 0.43008449714463715 0.41818328090807344
0.11710314759877062 0.4371793426300376 0.4256136863041722
0.11805165285688049 0.4445230078963962 0.43332921822157816
0.11900784076266567 0.4521126591669826 0.44132841502029263
0.11997177354358843 0.45994219365517197 0.44960551475072463
0.1209435139311377 0.46800384341657364 0.4581521601270276
0.12192312516491108 0.4762834879264888 0.4669514302456576
0.12291067099673054 0.4847622018518577 0.4759802029795346
0.12390621569479163 0.4934195558154275 0.48521384277627205
0.1249098240478454 0.5022315143119831 0.49462462143791625
0.1259215613694151 0.511169180742696 0.5041783520765535
0.12694149350204684 0.5202024071190081 0.5138369709358853
0.1279696868215941 0.5293013286944638 0.523559623025655
0.12900620824153788 0.5384362421271232 0.5333059784892348
0.1300511252173409 0.5475784467382455 0.5430384894344797
0.1311045057508378 0.5567037302091258 0.5527276017427954
0.1321664183946605 0.5657909258602112 0.5623436927269923
0.13323693225669953 0.5748209955037812 0.5718577739843833
0.1343161170046016 0.5837815189263393 0.5812503526416115
0.1354040428703032 0.5926679582219497 0.5905165383244284
0.1365007806546014 0.6014799926796252 0.5996574659469612
0.13760640173176156 0.6102248692269956 0.6086834091429846
0.13872097805416203 0.618916046759229 0.617610136865692
0.139844582156977 0.6275695069972318 0.6264565100324061
0.1409772871628967 0.636206634516634 0.6352485047411458
0.14211916678688621 0.6448580681855642 0.6440248376958451
0.1432702953409831 0.6535575982771583 0.6528287370570505
0.14443074773913284 0.6623386086737529 0.6617023569544533
0.14560059950206494 0.6712377566655243 0.6706917033209455
0.14677992676220697 0.680291985322578 0.6798434567994455
0.14796880626863962 0.6895308949090297 0.6891935915920431
0.1491673153920915 0.6989834947822509 0.6987762958424598
0.15037553212997376 0.708680059143641 0.7086272900345035
0.15159353511145687 0.718642829771672 0.718771434011657
0.152821403602587 0.7288863177543595 0.7292224570690412
0.1540592175114448 0.739424153628676 0.7399922455407666
0.155307057393346 0.7502649236295207 0.7510856012618389
0.15656500445608326 0.7614134662775979 0.7625012232717151
0.15783314056521172 0.7728754351630607 0.7742377353234984
0.15911154824937615 0.784655109981639 0.7862921518166972
0.160400310705682 0.7967499413873614 0.7986523891305215
0.16169951180511005 0.8091548583370541 0.8113027808491183
0.16300923609797402 0.8218701764742119 0.8242362393528987
0.16432956881942376 0.8348957407535346 0.8374457011483382
0.16566059589499144 0.8482312702764023 0.8509239748173751
0.16700240394618396 0.8618871057945425 0.8646801260166113
0.16835508029612023 0.8758769012231145 0.8787301970019251
0.1697187129752137 0.8902106770809971 0.8930866186675127
0.17109339072690144 0.9049048838866028 0.907770939602429
0.17247920301341957 0.9199796049722785 0.9228122307950777
0.17387624002162505 0.9354498338071833 0.938234917609304
0.1752845926688653 0.9513312446242765 0.9540640477200661
0.17670435260889467 0.9676390465536656 0.9703250913591009
0.17813561223783908 0.984384510009777 0.9870397428574768
0.17957846470020958 1.0015739130424517 1.0042213975734244
0.18103300389496335 1.019211162949338 1.0218797470838292
0.18249932448161524 1.037297215967443 1.040020947574653
0.18397752188639738 1.05582173453012 1.058633302597851
0.18546769230846985 1.0747599927974274 1.0776846191477307
0.1869699327261813 1.0940772134484573 1.097129671892541
0.18848434090337954 1.1137284738548863 1.11690790411052
0.1900110153957748 1.1336628181896413 1.1369472249313497
0.1915500555573528 1.1538356024308531 1.15718170012482
0.19310156154684077 1.1742050366164833 1.1775503699158263
0.19466563433422623 1.1947292941632577 1.1979915511295114
0.196242375707327 1.2153705279222558 1.2184471270059491
0.19783188827841644 1.2360970228404693 1.2388676286166365
0.19943427549090043 1.2568947009646836 1.2592274134497372
0.2010496416260498 1.2777650837990868 1.2795204413081938
0.20267809180978705 1.2987195364088386 1.2997558612456896
0.20431973201952705 1.31978342350934 1.3199626942871536
0.2059746690910748 1.3409933145363893 1.3401845954372285
0.20764301072557748 1.362390392892743 1.3604714329556282
0.20932486549653365 1.3840293341616414 1.3808923626091885
0.21102034285685956 1.4059727823510058 1.4015278050754723
0.21272955314601136 1.4282791007444304 1.422451142594556
0.21445260759716675 1.4510080650481212 1.4437360067726088
0.21618961834446315 1.4742246016091016 1.4654629134388475
0.21794069843029548 1.497990097469178 1.4877081589385173
0.21970596181267324 1.522354508583208 1.5105312478737967
0.22148552337263594 1.5473604011642599 1.5339812118683551
0.22327949892173024 1.5730462077931526 1.5581011483933074
0.22508800520954617 1.599444123678241 1.5829247831469588
0.22691115993131525 1.6265829014697963 1.6084806510191123
0.2287490817355703 1.6544950758502983 1.6348051729352
0.2306018902318663 1.6832008842934203 1.661919339285907
0.23246970599856479 1.712703376052661 1.6898208537833883
0.23435265059068117 1.7430100263590833 1.718514896304697
0.23625084654779463 1.7741278587632874 1.7480097544844617
0.23816441740202385 1.8060510579367184 1.7782983310145233
0.2400934876860653 1.8387760374024362 1.8093770586369011
0.24203818294129825 1.8722942914660015 1.841237021581858
0.243998629725955 1.906578361914626 1.873843243693491
0.24597495562335647 1.941594437597512 1.907148658461798
0.24796728925021588 1.977310623007592 1.9411124425202342
0.2499757602650084 2.0136968761979075 1.9757061399671483
0.2520004993764092 2.0507141677625556 2.0108864675528553
0.25404163835180055 2.0883173714965126 2.046585842865315
0.2560993100258458 2.126465070524635 2.0827172733649766
0.2581736483091354 2.1651142978208453 2.1191865600552493
0.2602647881969006 2.2042260954566655 2.155914314079963
0.26237286577779906 2.2437844186202507 2.1928788555537286
0.26449801824277197 2.283780436001369 2.2300737085693254
0.26664038389397116 2.324217484980171 2.2675039396882672
0.2688001021537606 2.3651168596690413 2.305183976611162
0.2709773135737891 2.406507117088253 2.3431376729883575
0.2731721598441376 2.4484362994042317 2.381419986921762
0.2753847838025404 2.4909803395780763 2.420129623461256
0.27761532944367995 2.5342183720689366 2.4593714807213978
0.27986394192855923 2.5782354280101476 2.4992594485404482
0.28213076759394723 2.6231230305284328 2.5399152620540963
0.2844159539619031 2.668971609151307 2.5814610086479863
0.28671964974937697 2.715862950085267 2.624006281486703
0.2890420048778873 2.763867707031746 2.6676437947117146
0.2913831704832787 2.8130566066689133 2.7124690370715667
0.2937432989255567 2.8634829080263215 2.758553814063849
0.29612254379880343 2.915161588757404 2.805914115080738
0.298521059941174 2.9681035451178057 2.8545597435871186
0.3009390034449721 3.0223127219436985 2.9044914137501547
0.3033765316668087 3.077771546770058 2.9556794087091904
0.3058338032378433 3.1344610765008993 3.0080914577451687
0.30831097807410607 3.192357685168735 3.0616889905768927
0.3108082173869064 3.2514202741228013 3.1164088204301574
0.3133256836933232 3.311600410647476 3.172172844362255
0.31586354082678175 3.372849861914498 3.2289011225608055
0.3184219539477163 3.435122113955311 3.2865174991612043
0.32100108955431716 3.4983689081713676 3.344941275262186
0.3236011154933679 3.5625472834871053 3.404096179423648
0.326222200971167 3.627642825690166 3.4639484348942675
0.3288645165645403 3.693645613811022 3.5244695488208673
0.3315282342319425 3.760561110953445 3.585652777159451
0.33421352732464654 3.8284384055291154 3.647557019870228
0.3369205705980267 3.8973373530861037 3.7102602907139475
0.33964954022293015 3.9673232561743346 3.7738505135491938
0.3424006137971424 4.038473559417192 3.8384328918280883
0.34517397035694564 4.110869221873847 3.9041205839400828
0.34796979038876913 4.184594339506676 3.9710344621942135
0.35078825584093626 4.2597335764083075 4.03929543400745
0.3536295501355043 4.336371375283905 4.109026614263572
0.3564938581802018 4.414583842197797 4.18034007004874
0.35938136638046275 4.494422007413063 4.253307660250074
0.36229226265155634 4.57593376002272 4.327997876041633
0.36522673643081754 4.659153530395017 4.4044599158298565
0.3681849786899744 4.744069500763437 4.482670677766044
0.3711671819475765 4.830659377776536 4.562587956470152
0.37417354028152466 4.91889581700438 4.644160733244382
0.37720424934169977 5.008730911106562 4.727307798559505
0.38025950636269695 5.100109725945698 4.811933484588887
0.3833395101766601 5.192983644316995 4.897948482997079
0.3864444612262222 5.287336473289627 4.985316592575038
0.3895745615775503 5.383159384795511 5.074012887994929
0.3927300149334944 5.480447877500777 5.164018154495446
0.39591102664684585 5.579216484109647 5.255344390775499
0.39911780373370004 5.679484507516171 5.3480115938126875
0.4023505548869291 5.781281461468134 5.442056198121548
0.40560949048976436 5.884674730048885 5.537576008508992
0.40889482262948623 5.9897421024582505 5.634689325289367
0.4122067651112274 6.096561533715994 5.733517723737792
0.41554553347188755 6.205207896395965 5.834175685324273
0.41891134499415866 6.315756089919973 5.936780270013364
0.42230441872066743 6.4282738629170515 6.041440177723383
0.4257249754682285 6.542794465990586 6.148206356357348
0.4291732378422157 6.659341902965094 6.257114087492837
0.4326494302510497 6.777936918930438 6.368193663914499
0.4361537789208004 6.898585807015514 6.481451947909798
0.43968651190991126 7.021290426925238 6.596887507197709
0.4432478591240398 7.146047542706554 6.714489759077047
0.44683805233102 7.2728321118596755 6.83421293987925
0.45045732517594583 7.4016116739079 6.955996390361722
0.4541059131963756 7.532358331861138 7.079784405307065
0.45778405383766185 7.6650720492055004 7.205570877323042
0.4614919864684024 7.799761061688858 7.333364557948963
0.46522995239601894 7.936437854159262 7.463181068961971
0.46899819488246164 8.075137590833853 7.595075412499335
0.47279695916003883 8.215902922433942 7.729117594310677
0.47662649244737804 8.35877994511024 7.86538548606013
0.48048704396551317 8.503830916509049 8.003984221802314
0.48437886495410415 8.651123958706869 8.145032165394735
0.488302208687788 8.800724058465324 8.288646040677275
0.4922573304926599 8.952675248378991 8.434904539211166
0.4962444877628916 9.107014508687447 8.583874325068422
0.5002639399774802 9.263772614692229 8.735612994847001
0.5043159487171359 9.422944110225528 8.890115030510966
0.5084007776813056 9.584509962406093 9.047348714689756
0.512518692705333 9.74845166974299 9.207281153067681
0.5166699617777601 9.914759269595944 9.369897260122707
0.5208548550577663 10.083425475346381 9.535186850104923
0.5250736448927505 10.254445797907122 9.703143416125553
0.5293266058360562 10.427837031117773 9.873800148081981
0.5336140146648366 10.603624125668443 10.047206765865235
0.5379361503980701 10.781834605521906 10.223418694841355
0.5422932943147153 10.962512833712664 10.402521694383601
0.546685729972018 11.145710129558166 10.584617034217631
0.5511137432239657 11.331475579667758 10.769805655553222
0.5555776222398878 11.519840962653785 10.958156030713479
0.5600776575232114 11.710830794709048 11.14972327703832
0.564614141930367 11.904467252207272 11.344559918636413
0.5691873706898455 12.10075708094455 11.542691300574752
0.5737976414214134 12.299700038168705 11.744129343965978
0.5784452541554796 12.50129599117494 11.948885476500221
0.5831305113526222 12.705549524375579 12.156981442384986
0.5878537179232721 12.912467096830504 12.368443238484005
0.5926151812475553 13.12205539076654 12.583297240201095
0.5974152111952984 13.334325583769594 12.801579507505416
0.6022541201461928 13.54929079531827 13.023330793284725
0.6071322230101247 13.766965849471958 13.248595537122771
0.6120498372476699 13.987381038187817 13.477447800448155
0.6170072828907519 14.210574190756235 13.70997822139909
0.6220048825634712 14.43658091034751 13.946276001218655
0.6270429615030991 14.665416813239512 14.186391758041298
0.6321218475812451 14.897087319952579 14.430355454478853
0.6372418713251952 15.131597996148278 14.678197096392328
0.642403365939419 15.368959165451388 14.92995701694781
0.6476066673272586 15.609183522843392 15.18568109502544
0.6528521141127848 15.852283069457725 15.445414230571602
0.6581400476628358 16.09826501084835 15.709192457705752
0.6634708121092348 16.347133833764023 15.977046596495372
0.6688447543711816 16.59889486745603 16.249009128981463
0.6742622241778342 16.85356418417809 16.525134418522256
0.6797235740910649 17.1111638735429 16.805490655030905
0.6852291595284061 17.371715734524546 17.09014791551911
0.6907793387861818 17.635237858833683 17.37916904170338
0.6963744730628222 17.901746180665498 17.67261240019741
0.7020149264823728 18.17125582685564 17.970535856143652
0.707701066118189 18.443773985693063 18.27298236052157
0.7134332620168252 18.719303018406997 18.579984674671138
0.7192118872221189 18.99784585745019 18.891575812102943
0.725037317799465 19.279413874138143 19.207806288105505
0.730909932860291 19.564023746430006 19.528738439708874
0.7368301145867304 19.851692174792806 19.85443522331126
0.7427982482564914 20.1424340591943 20.1849556304823
0.7488147222679341 20.436263193928173 20.52035603113444
0.7548799281653436 20.73319327482154 20.860692569818298
0.7609942606644126 21.033235497335156 21.206015907866007
0.7671581176779302 21.336399448255808 21.55637269851132
0.773371900341675 21.64269507273359 21.91180957794748
0.7796360130405233 21.95213533168221 22.27237909758719
0.785950863434763 22.264735383549823 22.63813819945491
0.7923168624866254 22.580510682935316 23.009144026231663
0.7987344244870308 22.89947631259103 23.385452253575053
0.8052039670825474 23.221647210374194 23.76711743033778
0.8117259113025744 23.547038695784607 24.154194086266685
0.8183006815867394 23.8756665742529 24.546736944275114
0.8249287058125209 24.207547151147025 24.944800876580285
0.8316104153230962 24.542697187906622 25.34844070032192
0.838346244955409 24.881133561771847 25.75771028584759
0.8451366330684718 25.222873386708063 26.17266319142666
0.8519820215718905 25.567934341887632 26.593354212487004
0.858882855954625 25.91633477193443 27.01983845873472
0.8658395853139816 26.26809370476495 27.45217107030181
0.8728526623848375 26.623230831186515 27.890407939026012
0.8799225435691069 26.981766520537253 28.33460614881414
0.8870496889654408 27.343721852412934 28.78482285285906
0.8942345623991698 27.70911865570981 29.241115152309646
0.9014776314524917 28.07797952759677 29.703539964264856
0.9087793674948977 28.450327861862487 30.172154037459357
0.9161402457138517 28.826187886724597 30.64701404755781
0.9235607451457118 29.20558475814588 31.128177139268534
0.9310413487069076 29.588544575070916 31.615700874002
0.9385825432253676 29.975094343190015 32.10964276284824
0.9461848194721997 30.36526204409624 32.61006065388517
0.9538486721936326 30.75907664953512 33.117012711138145
0.9615746001432101 31.1565680908674 33.630557022926894
0.9693631061142512 31.557767260732465 34.15075146978708
0.9772146969725725 31.96270602648719 34.677653701650485
0.985129883689471 32.37141725185231 35.21132120588675
0.9931091813749796 32.78393480879235 35.751811321930695
1.0011531093113901 33.20029358344609 36.299181228422846
1.0092621909870474 33.620529476585254 36.85348791000088
1.0174369541304151 34.04467940352678 37.41478811529774
1.025677930744422 34.47278129236704 37.98313831443223
1.033985657141083 34.904874080415844 38.55859463274089
1.042360673976401 35.340997707271804 39.1412128796948
1.0508035262855564 35.78119310441972 39.73104863144281
1.05931476351837 36.225502181056086 40.32815749404275
1.0678949395750656 36.67396780716012 40.93259481486675
1.076544612842316 37.126633794072916 41.5444157235668
1.0852643462295801 37.58354487188948 42.16367556593662
1.0940547072057425 38.044746637962895 42.790431428718264
1.1029162678360347 38.51028552577358 43.424742008226204
1.111849604819271 38.980208802483695 44.066666018058754
1.1208552995253764 39.454564536972605 44.716262255369664
1.1299339380332216 39.9334015632837 45.37358932336592
1.139086111168768 40.4167694397961 46.038705619735616
1.148312414543511 40.904718406433446 46.71166928249756
1.1576134485932472 41.39729933938686 47.392538235396195
1.1669898186171475 41.89456370377652 48.08137016792449
1.1764421348171485 42.39656350379776 48.77822252804884
1.1859710123376694 42.90335123068918 49.48315248734324
1.1955770713056357 43.414979808611285 50.19621692662072
1.2052609368708427 43.93150253878948 50.91747242171801
1.2150232392466371 44.452973042075236 51.64697523310104
1.2248646137509307 44.97944520016556 52.38478127987076
1.2347857008475491 45.51097309566216 53.13094609775467
1.244787146187906 46.04761095121509 53.885524808881925
1.2548696006530267 46.58941306798562 54.64857213375548
1.265033720395904 47.13643376369647 55.42014246694551
1.275280166884199 47.68872731053949 56.20028990275631
1.2856096069432952 48.2463478732308 56.98906809642137
1.2960227127996844 48.809349447466495 57.786529881573884
1.3065201621247213 49.37778579900306 58.592727063148146
1.3171026380787234 49.95171040354609 59.407710869309334
1.3277708293554291 50.53117638773101 60.23153358947523
1.3385254302268221 51.11623647159391 61.06424946165471
1.3493671405883065 51.70694291290956 61.90591243591303
1.3602966660042588 52.30334745358188 62.7565781291042
1.3713147177539455 52.90550126833323 63.61630518988449
1.38242201287781 53.513454916157116 64.48515239891574
1.393619274224142 54.1272582940256 65.36317785526359
1.4049072304961119 54.74696059423522 66.25043879321953
1.4162866162991987 55.37261026458814 67.14699220051632
1.4277581721889965 56.00425497203121 68.05289499458448
1.4393226447194065 56.641941569940066 68.96820409411919
1.4509807864912285 57.28571606933028 69.89297624044794
1.46273335620113 57.93562361412544 70.82726793751719
1.4745811186910267 58.591708460686085 71.77113542002479
1.4865248449978572 59.25401396173877 72.7246346934403
1.4985653124037577 59.922582554862664 73.68782154057938
1.510703304486654 60.59745575565139 74.66075152052537
1.5229396111712465 61.278674155645646 75.64347994563173
1.5352750287804227 61.96627742511961 76.63606186821232
1.54771036008708 62.660304320744196 77.63855206940345
1.5602464143663695 63.36079269814552 78.651005059623
1.5728840074483597 64.06777952925553 79.6734750749879
1.5856239617711372 64.78130092442966 80.70601607294996
1.5984671064343199 65.50139215913767 81.7486817035258
1.6114142772530198 66.22808770531265 82.80152528699028
1.6244663168122364 66.96142126697202 83.86459979122364
1.6376240745216872 67.70142582013376 84.93795789891013
1.6508884066710954 68.44813365586133 86.02165205142906
1.6642601764859035 69.20157642671603 87.11573448950713
1.67774025418346 69.96178519486172 88.22025689305157
1.6913295170296487 70.72879048649597 89.3352734013723
1.7050288493959789 71.50262234789955 90.46084422505346
1.7188391428171457 72.2833104007472 91.59703026486235
1.7327612960490402 73.07088390003774 92.74389208348326
1.7467962151272458 73.86537179768519 93.90149012443523
1.760944813426 74.66680280529111 95.06988492341155
1.775208011717634 75.47520545598066 96.24913698213155
1.7895867382325032 76.29060816936338 97.43930691394428
1.8040819287193828 77.11303931650073 98.64045546167176
1.8186945265063736 77.94252728511833 99.85264353259943
1.8334254825622907 78.77910054439815 101.07593216885294
1.848275755558549 79.62278770977791 102.31038254938967
1.8632463119315599 80.47361760740175 103.55605598530447
1.8783381259456144 81.3316193380652 104.8130139327961
1.8935521797562953 82.19682234016639 106.08131799905783
1.908889463474391 83.06925645133819 107.36102995276724
1.9243509752303303 83.94895196836778 108.65221173122217
1.9399377212391467 84.83593970508129 109.95492544448126
1.955650715865949 85.73025104782641 111.26923336840119
1.9714909816919446 86.63191800821608 112.59519793303323
1.9874595495809837 87.54097327279375 113.93288173211775
2.003557458746646 88.45745024936909 115.28234757346034
2.0197857568198785 89.38138310991303 116.64365855554195
2.036145499917162 90.31280683009216 118.0168780593572
2.052637752709252 91.2517572255969 119.4020695884022
2.0692635884904598 92.19827098531492 120.79929649581494
2.086024089248503 93.15238570107662 122.20862204228091
2.1029203457349253 94.11413989368248 123.63011018232096
2.119953457536071 95.08357303595827 125.06382680574683
2.137124533144652 96.06072557862893 126.5098367113349
2.1544346900318843 97.0456389697759 127.9682038640489
2.1718850547202107 98.03835566966168 129.43899375482908
2.1894767628566205 99.03891916761297 130.9222722739911
2.207210959286545 100.04737399809858 132.41810348420807
2.2250887981283696 101.06376575009172 133.92655050655645
2.2431114428485395 102.08814107356503 135.447676559384
2.261280066337277 103.12054768374814 136.98154524477732
2.279595850984919 104.16103436218629 138.52822053922168
2.298059988758851 105.20965095405842 140.0877666557551
2.3166736812810895 106.26644836138065 141.6602479733334
2.335438139906479 107.33147853205351 143.24572904679337
2.3543545858015236 108.40479444496287 144.84427465477125
2.373424250023866 109.48645009149952 146.45594982835678
2.3926483736023934 110.5765004539675 148.08081985775402
2.412028207618007 111.67500148143841 149.71895028753707
2.431565013285041 112.78201006367995 151.37040691923335
2.451260062033337 113.89758400377914 153.03525582099002
2.471114635590999 115.02178199002456 154.7135633427306
2.4911300260677884 116.15466356740892 156.40539612311224
2.5113075360392254 117.296289108992 158.11082109102887
2.5316484786313556 118.44671978708344 159.82990545835762
2.5521541776062033 119.60601754418231 161.56271673872348
2.5728259674479323 120.77424506320047 163.30932278323132
2.593665193449674 121.95146573653895 165.06979184632664
2.614673211801092 123.13774363287685 166.8441925572261
2.6358513896766333 124.33314346137023 168.6325938165526
2.657201105324504 125.53773053202079 170.43506442570117
2.6787237481563717 126.75157071541737 172.25167305054438
2.7004207188377727 127.9747304008315 174.0824881125386
2.7222934293792744 129.20727645246117 175.9275779052208
2.7443433032283653 130.4492761641083 177.7870102073818
2.7665717753620918 131.70079721949108 179.66085278086328
2.7889802923804394 132.96190765481774 181.54917369941356
2.8115703126004905 134.23267582303288 183.45204109327693
2.8343433061513092 135.51317036433176 185.36952321266995
2.857300755069629 136.80346018200999 187.30168858666553
2.8804441533962977 138.1036144223165 189.24860609920566
2.9037750072735062 139.41370245704556 191.21034498690977
2.927294835042816 140.73379386730937 193.18697480932366
2.951005167343955 142.06395842668192 195.1785654392798
2.9749075472144404 143.4042660818805 197.18518707468706
2.999003530189995 144.754786929551 199.20691025734058
3.0232946844057764 146.11559118843266 201.24380588622546
3.0477825906984406 147.4867491669984 203.29594522382527
3.0724688427090037 148.8683312274001 205.36339990632794
3.097355046986565 150.26040774692586 207.44624195518284
3.122442823092858 151.66304907838065 209.54454379634578
3.147733803707643 153.0763255104325 211.65837825641586
3.173229634734976 154.50030722899632 213.7878185598753
3.198931975410301 155.9350642802488 215.9329383027498
3.2248424984084423 157.3806665367495 218.09381151736596
3.25096288995246 158.83718366737313 220.27051273345015
3.277294849923382 160.3046851131609 222.46311712907348
3.3038400919708435 161.78324006835035 224.67170033236448
3.330600343624589 163.2729174693659 226.89633818024618
3.3575773464069107 164.77378598989102 229.13710587016584
3.384772855945983 166.28591406045024 231.3940781218704
3.412188642090111 167.80936989682598 233.66732917891778
3.4398264890229244 169.34422152842282 235.956932835287
3.46768819537947 170.89053683916669 238.26296297691144
3.4957755743632752 172.44838360964056 240.58549328833337
3.5240904538643507 174.01782954963468 242.92459746105635
3.552634676578139 175.59894231692329 245.28034958992365
3.581410100125452 177.191789523684 247.65282418883146
3.610418597173337 178.7964387296707 250.04209616619394
3.6396620555569683 180.41295742511457 252.44824079950905
3.669142378402494 182.04141300779665 254.87133374548182
3.698861484250891 183.68187276061502 257.31145105877715
3.7288213071828338 185.3344038356077 259.7686692109856
3.759023796944539 186.9990732488182 262.24306509859963
3.7894709190746676 188.67594788738415 264.7347160460928
3.820164655032238 190.36509452689043 267.24369981426133
3.851107002325569 192.0665798541676 269.7700946142915
3.8822999746422937 193.78047048910898 272.31397913522164
3.913745601980384 195.50683299928573 274.8754325494289
3.9454459307802736 197.24573390321962 277.45453450773783
3.9774030240580367 198.99723966166968 280.0513650848912
4.00961896153964 200.761416660016 282.6660048097229
4.042095839796306 202.53833118803658 285.2985347328173
4.074835772380931 204.32804942415984 287.9490366856014
4.1078408899656464 206.13063743056298 290.617593220252
4.141113340480481 207.9461611615047 293.3042874040901
4.174655289253135 209.77468648473592 296.0092018604788
4.208468919149917 211.61627921103747 298.732418923605
4.242556430717777 213.4710051333835 301.47402032827017
4.276920042327532 215.33893008456505 304.23408152520915
4.3115619903182285 217.22011999129265 307.01267412134723
4.3464845291426775 219.11464093460845 309.80986922818073
4.38168993151419 221.02255922445113 312.6257382160776
4.417180488554454 222.94394147491747 315.46035293923563
4.452958509942655 224.87885465987915 318.31378525471536
4.489026324065787 226.8273661366169 321.1861068006266
4.525386278170167 228.78954362730366 324.0773891935834
4.56204073851422 230.7654551555609 326.9877041778969
4.598992090522438 232.7551689492809 329.9171236918285
4.6362427389406395 234.7587533292243 332.8657198216136
4.673795107992464 236.7762766063085 335.83356476515985
4.711651641537129 238.8078070059585 338.8207308194213
4.7498148032284995 240.8534126299128 341.8272903971461
4.788287076675383 242.9131614574866 344.8533160405961
4.827070965603183 244.98712138351453 347.89888042617775
4.866168994016832 247.0753602892001 350.9640563673762
4.905583706365046 249.1779461429779 354.04891682200616
4.9453176677059325 251.29494712791262 357.1535349118903
4.985373463873894 253.42643178739505 360.27798391972124
5.025753701647927 255.57246917266357 363.4223372706991
5.0664610089212685 257.7331289662093 366.586668473997
5.107498034872408 259.90848155103413 369.7710511571166
5.148867450137493 262.09859799958605 372.9755591618414
5.190571946984149 264.30354997325855 376.2002667894243
5.2326142394866615 266.52340954520656 379.4452486973676
5.27499706370262 268.7582489857315 382.7105795034178
5.317723177850972 271.0081405571513 385.99633225382024
5.360795362491524 273.2731563766253 389.3025785165104
5.404216420705915 275.5533683654525 392.62938924623245
5.447989178280003 277.84884826700335 395.97683440960543
5.49211648388779 280.1596677276679 399.3449833287691
5.536601209276798 282.4858984240026 402.73390508532515
5.58144624945496 284.8276122247619 406.1436685025614
5.626654522879044 287.18488138419576 409.5743425320481
5.672228971644543 289.5577787553249 413.02599615933804
5.718172561677172 291.94637798579265 416.4986983922654
5.764488282925879 294.3507536470453 419.9925182099017
5.811179149557418 296.7709812593918 423.507524597404
5.858248200152536 299.2071372086237 427.0437865523822
5.905698497903679 301.65929858161286 430.60137310273086
5.95353313081437 304.12754295938606 434.1803532996781
6.00175521190016 306.6119481950579 437.7807962180249
6.050367879391218 309.112592189044 441.4027709547733
6.099374296936585 311.6295526744697 445.0463466368904
6.148777653810023 314.16290704423676 448.71159243097355
6.198581165117596 316.7127322707805 452.39857754716525
6.248788072006894 319.27910496752787 456.10737123248214
6.299401641877963 321.86210160806013 459.8380427491954
6.350425168595962 324.4617988673198 463.59066137789046
6.401861972705489 327.07827400802324 467.3652964555974
6.4537154016467015 329.71160523128356 471.1620174722142
6.50598882997316 332.3618719454962 474.98089407702196
6.558685659571428 335.0291549493137 478.8219959482529
6.611809319882495 337.7135365308339 482.6853924306336
6.6653632681249135 340.41510044493833 486.5711525428865
6.719350989519823 343.1339316943785 490.47934550299397
6.773775997517752 345.87011607720893 494.4100388561995
6.828641834027266 348.6237395419767 498.3632981364021
6.883952069645496 351.3948875034733 502.33918889498534
6.939710303890466 354.18364430395997 506.33777710799023
6.995920165435375 356.99009292524664 510.3591289942065
7.052585312344735 359.8143149830351 514.4033107708586
7.109709432312432 362.6563910176817 518.4703886323933
7.167296242901739 365.51640109891093 522.5604286898911
7.225349491787214 368.39442571105616 526.6734970259922
7.283872956998614 371.2905467796632 530.8096597039354
7.342870447166765 374.20484861581735 534.9689827873707
7.40234580177141 377.1374185697452 539.1515323288475
7.462302891391108 380.0883472810784 543.3573743711944
7.522745617955084 383.05772850445976 547.5865749453312
7.583677914997191 386.0456585158685 551.8392000751255
7.645103747911887 389.05223509961405 556.1153157790967
7.707027114212296 392.0775561707405 560.4149880747818
7.7694520437903885 395.1217182446415 564.7382829883356
7.832382599179196 398.18481512342606 569.0852665634669
7.8958228758172275 401.26693715286416 573.4560048644091
7.959777002314985 404.36817118593257 577.8505639495729
8.024249140723644 407.48860117021366 582.2690098522601
8.089243486805938 410.62830924487525 586.7114085809452
8.154764270309178 413.7873772932157 591.1778262369514
8.22081575524054 416.9658888217593 595.6683291018653
8.28740224014456 420.16393084682704 600.1829836551555
8.354528058382863 423.38159541885597 604.7218561053573
8.422197578416212 426.61898056499854 609.285011647744
8.490415204088746 429.8761905549241 613.8725137647845
8.559185374914618 433.1533353410455 618.4844248032731
8.628512566366895 436.4505289784228 623.1208060051363
8.698401290168814 439.76788709464387 627.7817178997433
8.768856094587427 443.10552385131825 632.4672206904821
8.839881564729554 446.463549028212 637.1773736972815
8.911482322840202 449.8420657746749 641.9122360668491
8.98366302860337 453.24116939847096 646.6718668290055
9.056428379445293 456.6609475163939 651.456324987157
9.12978311084014 460.1014817922931 656.2656694013145
9.20373199661822 463.5628510588467 661.0999587921128
9.278279849276613 467.04513512366196 665.9592517179668
9.353431520292386 470.5484185580426 670.8436066092697
9.429191900438322 474.0727940962594 675.7530817689875
9.50556592010119 477.61836526165274 680.6877353802075
9.582558549602648 481.185247575066 685.6476254981926
9.660174799522645 484.77356787916455 690.6328100546581
9.738419721025545 488.3834618415228 695.643346861502
9.817298406188842 492.01506993451017 700.6792936186845
9.896815988334524 495.6685322226132 705.7407079070823
9.9769776423632 499.3439826566801 710.8276471769892
10.057788585090808 503.0415440872349 715.9401687351773
10.139254075588154 506.76132516997365 721.0783297817264
10.221379415523158 510.5034197250613 726.2421874642811
10.304169949505875 514.2679086559033 731.431798937738
10.387631065436352 518.0548643844036 736.6472212339646
10.471768194855203 521.8643572136598 741.8885110556629
10.556586813297129 525.6964623150304 747.1557245612067
10.642092440647247 529.551266222603 752.4489181149304
10.728290641500308 533.4288722410796 757.7681474589359
10.815187025522881 537.3294038224284 763.1134666540089
10.902787247818345 541.2530047742465 768.4849295599149
10.991097009294972 545.1998360844088 773.8825904847489
11.080122057036919 549.1700698640453 779.3065039554454
11.169868184678226 553.1638809822009 784.7567244044972
11.260341232779911 557.1814375162492 790.2333061832763
11.35154708920999 561.2228919755926 795.7363034816578
11.443491689526706 565.2883750616619 801.2657703603631
11.536181017364784 569.3779929024689 806.8217607508784
11.629621104824842 573.4918284728675 812.4043284800897
11.723818032865985 577.6299473770142 818.0135272643992
11.818777931701483 581.7924067575794 823.6494107125864
11.914506981197759 585.9792658665037 829.3120323219439
12.011011411276566 590.1905972775386 835.0014454833307
12.108297502320394 594.4264967855202 840.7177034842686
12.206371585581252 598.687089812003 846.4608595142977
12.305240043592615 602.9725334015719 852.230966665723
12.404909310584847 607.2830132508265 858.0280779338741
12.505385872903913 611.6187356166812 863.8522462152247
12.606676269433496 615.9799156229449 869.7035243153805
12.708787092020582 620.3667640558222 875.5819649611368
12.811724985904382 624.7794740884564 881.4876208198447
12.91549665014884 629.218210060977 887.42054448321
13.020108838078587 633.6831007843782 893.3807884360491
13.125568357718427 638.1742387046093 899.3684049956212
13.231882072236449 642.691685981548 905.3834463870392
13.339056900390586 647.2354867171392 911.4259649993663
13.447099816978945 651.8056820647417 917.4960139206951
13.556017853293689 656.4023258855404 923.5936463542552
13.665818097578622 661.0254991094712 929.7189155292801
13.776507695490535 665.6753203237384 935.8718748397916
13.88809385056415 670.3519513183784 942.0525777031079
14.000583824680975 675.0555964427934 948.2610775105766
14.113984938541883 679.7864943056002 954.4974275954984
14.22830457214352 684.5449029888524 960.7616812746073
14.34355016525864 689.331081468257 967.0538918662364
14.459729217920195 694.1452707615688 973.3741127040736
14.576849290909482 698.9876786159956 979.7223971312375
14.694918006248173 703.8584687732446 986.0987985007367
14.813943047694329 708.7577565037147 992.5033701777314
14.933932161242518 713.6856125475837 998.9361655455579
15.054893155627816 718.642074935629 1005.3972380096021
15.176833902834053 723.6271676209942 1011.8866409988402
15.299762338606095 728.6409225377905 1018.4044279727808
15.423686462966273 733.6833999424351 1024.9506524309395
15.548614340735089 738.7547041634948 1031.5253679305076
15.67455410205595 743.8549928975689 1038.1286280783313
15.801513942924352 748.9844797903046 1044.7604865153535
15.92950212572123 754.1434281605806 1051.4209968693058
16.058526979750674 759.3321346346046 1058.1102128067805
16.188596901781974 764.5509066693182 1064.8281881127527
16.31972035659613 769.8000383415088 1071.5749768948592
16.451905877536625 775.0797895205427 1078.3506334102494
16.585162067064847 780.3903705762125 1085.1552117713964
16.7194975973199 785.7339555088738 1094.633968406056
16.854921210682953 791.1108016663491 1107.0408139412593
16.99144172034626 796.5188379481418 1119.6239586778154
17.129068010886602 801.9580827831857 1132.3862602426818
17.26780903884356 807.4316597418559 1149.5292630086947
17.40767383330237 812.937797716546 1168.637057176943
17.548671496481504 818.4753634537066 1188.0717030456237
17.690811204325115 824.044504645204 1207.8392490626939
17.83410220710008 829.6454386971369 1227.9458708829943
17.978553829998063 835.2784473217637 1248.3978743384466
18.124175473742376 840.9438585208813 1269.201698661872
18.27097661519974 846.6420229260764 1290.363919763383
18.41896680799711 852.3732896629698 1311.8912535767258
18.56815568314329 858.1379803714879 1333.7905594451045
18.71855294965579 863.9363650236722 1356.0688436047594
18.870168395192668 869.7686456958379 1378.7332627652308
19.02301188668944 875.6349547932398 1401.7911277987314
19.177093371001327 881.5353649673862 1425.2499075252952
19.332422875550453 887.4699056578872 1449.117232598022
19.48901050897848 893.4385876566802 1473.4008994837366
19.646866461804464 899.4414356424085 1498.108874548479
19.806001007088017 905.4785179733188 1523.2492982457281
19.966424501097933 911.5499669927455 1548.8304894304124
20.128147383986057 917.6559894305975 1574.8609497906575
20.29118018046678 923.7968683043044 1601.3493684193857
20.45553350050197 929.9729510774097 1628.3046264525194
20.621218039991426 936.1846231256685 1655.7358018150544
20.788244581469023 942.4322780245573 1683.6521740030541
20.95662399480433 948.7162916560216 1712.0632291994073
21.126367237910063 955.0369953161357 1740.9786657201125
21.297485357455212 961.3946520491672 1770.4084006545813
21.469989489583895 967.7894467180128 1800.3625745240824
21.6438908606402 974.2214932196044 1830.8515562875386
21.819200787898644 980.6908484780963 1861.8859493087741
21.99593068030075 987.1975342751999 1893.4765971202132
22.174092039197525 993.7415712510242 1925.634589352674
22.353696459097943 1000.3230131681798 1958.3712678808324
22.534755628423554 1006.9419729365868 1991.6982332279467
22.71728133026905 1013.5986413357191 2025.6273511370277
22.901285443169165 1020.2932959943532 2060.1707592975417
23.086779941871697 1027.0262899224685 2095.3408742214137
23.273776898116786 1033.798027775357 2131.150398298815
23.462288481422625 1040.6089410922582 2167.6123270433604
23.652326959877282 1047.4594573343452 2204.73995653394
23.843904700937205 1054.3499661003764 2242.5468910510426
24.037034172232037 1061.2807945617988 2281.0470509106726
24.231727942375983 1068.2521940816348 2320.2546805003058
24.427998681785848 1075.2643345859706 2360.1843565237928
24.625859163505467 1082.3173165644173 2400.850996460873
24.825322264037062 1089.411195090483 2442.2698672468955
25.026400964179192 1096.5460047603358 2484.4565941775863
25.229108349871513 1103.7217921071688 2527.427170044285
25.433457613046482 1110.9386549197268 2571.1979645053448
25.639462052487733 1118.1967684729846 2615.78573369956
25.847135074695636 1125.4963965796912 2661.207630107667
26.056490194759753 1132.837889080715 2707.4812126680254
26.267541037238356 1140.2216616456985 2754.624457152574
26.480301337045198 1147.6481690612281 2802.655766809501
26.694784940343208 1155.1178789915923 2851.5939832789973
26.911005805445686 1162.6312383814518 2901.458397788863
27.128978003724672 1170.1886419822895 2952.268762636643
27.34871572052665 1177.790411464431 3004.045302965322
27.570233256095825 1185.4367847251106 3056.808728839643
27.793545026504624 1193.1279232633487 3110.580247630192
28.018665564591952 1200.863931755642 3165.3815767128367
28.24560952090896 1208.6448775327235 3221.234956490945
28.47439166467245 1216.4708205284242 3278.163163748225
28.705026884726152 1224.3418518326803 3336.18952534006
28.937530190509502 1232.2581302052217 3395.3379322313885
29.171916713034552 1240.2199068002653 3455.6328538895114
29.40820170587064 1248.2275238062234 3517.099353040222
29.64640054613707 1256.2813968133228 3579.763100795897
29.886528735503827 1264.3819952602703 3643.650392164403
30.1286019012005 1272.5298171040063 3708.7881619479626
30.372635797033116 1280.725358517384 3775.2040010410096
30.61864630440949 1288.9690804294614 3842.926173136748
30.866649433372746 1297.2613777387526 3911.9836318518796
31.116661323643182 1305.6025631222517 3982.406038279545
31.368698245668764 1313.9928699222453 4054.223778980501
31.622776601683793 1322.4324677555283 4127.467984422908