0.01 0.0017071231564260631 0.0015678869455654667
0.010473708979594498 0.001994926270799225 0.0018332746801619942
0.010969857978923836 0.0023283584399273883 0.0021406940786093203
0.011489510001873092 0.0027139433874453275 0.002496096606973602
0.012033778407775893 0.0031590086571043393 0.0029061460785770976
0.012603829296797275 0.0036716954654556506 0.0033782157995366022
0.01320088400831418 0.004260995915552966 0.0039204099958326695
0.013826221737646556 0.004936829678320659 0.004541620996106715
0.014481182276745337 0.0057100279545847085 0.005251494768486566
0.015167168884709226 0.006592304866889381 0.006060382424373904
0.015885651294280528 0.0075961748808853246 0.006979238046801436
0.01663816886076129 0.008735858662034723 0.008020464165513354
0.0174263338600965 0.010024821672262567 0.009195518349058237
0.018251834943190434 0.01147824646717013 0.01051725833800659
0.019116440753857017 0.013111942710285774 0.011998856232962162
0.020022003718155844 0.014940954377384163 0.01365242168522753
0.02097046401323233 0.016982393907554096 0.01549166424550168
0.02196385372416546 0.01925053978328308 0.017527146068214962
0.02300430119772918 0.021763379354244817 0.019772466467187423
0.024094035602395245 0.024534642608773555 0.02223658536768832
0.02523539170434766 0.027579607502434163 0.0249292854503838
0.026430814869741057 0.03091415387186943 0.027860176026864934
0.027682866303920667 0.03455309147717365 0.031037013252109696
0.028994228538828767 0.03851313215571572 0.03446841794934248
0.030367711180354574 0.042812972011682694 0.03816383511454248
0.031806256927941194 0.047475533620877114 0.04213551897886895
0.03331294787934674 0.052530659808260216 0.046400909905400044
0.034891012134067735 0.058016428445540634 0.05098368419526751
0.03654383070957257 0.06398490152702248 0.05591891274454665
0.03827494478516311 0.0705046593110909 0.061255144011957675
0.04008806328898465 0.07766679250406823 0.06705964620549243
0.0419870708444391 0.08558740898856287 0.07342034799230036
0.043976036093027214 0.09440837574102319 0.080446166141358
0.04605922041145106 0.10430845624866436 0.08827690849786884
0.04824108704165369 0.11549317710707428 0.09707379046468625
0.0505263106533568 0.1281855633052469 0.10701130194589042
0.05291978735958442 0.14262839327574225 0.11828016017256325
0.05542664520663107 0.1590391988838495 0.13104858986337184
0.05805225516094899 0.1776070690430097 0.14546281451688756
0.06080224261649424 0.19841707008063594 0.16158431788772493
0.06368249944718586 0.22145444606550022 0.17939988677775306
0.06669919663030122 0.24647927353061033 0.19871749511139353
0.0698587974678525 0.27308014340209824 0.21922004652605578
0.07316807143427195 0.30069591034229165 0.24048694485283323
0.07663410868007459 0.32861382177954485 0.2619899596002409
0.08026433522257174 0.3562562243011197 0.2833362073436509
0.08406652885618325 0.3833191128871044 0.30437782154311527
0.08804883581643465 0.41006448855357025 0.32546084500365274
0.09221978823334327 0.43750848100624046 0.34759714072004166
0.09658832241158703 0.46747478977774315 0.37254088380064
0.1011637979766207 0.5024865869617872 0.402744580526365
0.10595601792776159 0.5453002331610295 0.44100169877756595
0.11097524964120721 0.5982643455138482 0.4899013774958447
0.11623224686798524 0.6624522041603602 0.5510004668907618
0.12173827277396614 0.7366627544272965 0.6237463800077611
0.12750512407130135 0.816963480059946 0.7047710360729522
0.13354515629298988 0.8974490352430721 0.788300153142392
0.13987131026472385 0.9726091616071894 0.8682918711359657
0.14649713983072857 1.0411283600778891 0.942449987479238
0.15343684089300125 1.1081942993858585 1.0152566849517708
0.16070528182616392 1.1849334776305047 1.0982632173293034
0.16831803533309567 1.2840591125436256 1.2059759787086377
0.1762914118095948 1.413120172884279 1.3480973196559225
0.18464249428955434 1.568680412649091 1.5216283282228282
0.1933891750455231 1.7361684131177715 1.7090039422004535
0.20255019392306675 1.8968873632450427 1.8853448143733924
0.21214517849106299 2.0482819224687914 2.044295981915047
0.22219468609395238 2.2102025789722957 2.208886524648792
0.23272024789604084 2.410268970898393 2.41495955595127
0.24374441501222205 2.6628228709249218 2.6826890626292643
0.2552908068239518 2.95288179063349 2.9916307000930322
0.26738416158399464 3.2513039496837615 3.2968214550051793
0.2800503894183631 3.5538055333501717 3.587555301781042
0.29331662783900436 3.8948026751268148 3.9107729216312928
0.30721129988617574 4.307525438142367 4.3147524121224965
0.3217641750250737 4.78151622525885 4.781227983557702
0.33700643292719284 5.287216269888358 5.258622632781833
0.352970730273065 5.836066084762966 5.758210741782188
0.3696912707195028 6.469315283227708 6.341284986961617
0.3872038781812555 7.1938338823401775 7.013759741191065
0.40554607358408296 7.989186753610604 7.7332601460877175
0.42475715525368984 8.872495576038181 8.51953412800778
0.4448782831127585 9.875494905784276 9.418591721342688
0.4659525668664682 10.997833949000928 10.419540322900064
0.48802515836544313 12.243134458208552 11.516597497962342
0.5111433483440168 13.641877213948899 12.752566243521194
0.5353566677410724 15.20282218857837 14.129932925890213
0.5607169938205459 16.93851182797672 15.657107228777086
0.5872786613189482 18.874073624448428 17.366215109659105
0.6150985788580501 21.022467826127205 19.265710631044524
0.6442363508721374 23.405215774664732 21.380593227987838
0.6747544053110693 26.04229725916362 23.733190122720167
0.7067181273927491 28.953519020493374 26.346054349429703
0.7401959996915645 32.160231815637424 29.245961530917125
0.775259748862946 35.68280455505565 32.45922129756212
0.8119844993184013 39.54142808987142 36.013813374865734
0.8504489341802677 43.75607150630496 39.939958152842436
0.890735463861044 48.34546590901857 44.268674213739644
0.9329304026284686 53.32677962279399 49.03138479854351
0.9771241535346497 58.715501011283706 54.2602951239301
1.0234114021054528 64.52518570610242 59.988584209094604
1.0718913192051276 70.76711747907348 66.24943672926992
1.1226677735108135 77.4501102604863 73.07570872110574
1.175849554052157 84.58039365565828 80.50116780170633
1.231550603292826 92.16166186177846 88.55946775088394
1.289890261253308 100.19525564629903 97.28295849420218
1.3509935211980264 108.68048572124009 106.70206438655912
1.414991297434576 117.61512386796252 116.84717139999636
1.4820207057988586 126.99607272723554 127.75083589923466
1.552225357427048 136.82021993579963 139.44458447942284
1.625755666443795 147.08547193622573 151.95817669341253
1.7027691722258995 157.79195183815224 165.3192181191427
1.7834308769319094 168.94332728627293 179.55622833599767
1.8679135990207827 180.54820964688574 194.70117205548053
1.9563983435170649 192.62153580314822 210.78591400516075
2.049074689815848 205.18581059832582 227.84184522802371
2.1461411978584035 218.2720562943 245.89986088887233
2.247805833548725 231.92029859898003 264.9918701364496
2.354286414322418 246.17944050184136 285.15187147919636
2.4658110758226037 261.10643137767914 306.41459680967137
2.5826187606826774 276.7647244047087 328.81555006486815
2.704959730463134 293.2221322415415 352.3911683515149
2.833096101839324 310.54829441088225 377.1786435412029
2.9673024081888695 328.8120537855537 403.21592029989466
3.107866187782014 348.0790861626791 430.5422549729638
3.2550885998350596 368.41012635585724 459.1984745510353
3.409285069746811 389.8600321133685 489.2272053057173
3.5707859649004625 412.47768725536787 520.6721347642616
3.739937302478798 436.30658949739717 553.5778361866917
3.9171014908092605 461.3859525800671 587.990953304971
4.102658105827195 487.7520850739145 623.9605460775024
4.297004704320839 515.4396923153256 661.5382109070854
4.500557675700498 544.4828786779732 700.7730564818294
4.7137531341167245 574.9159724355051 741.7100588346648
4.937047852839004 606.7741659969544 784.3948036429086
5.17092024289676 640.0938000827905 828.8738479186705
5.415871378079471 674.9124763349743 875.1947696749301
5.672426068491977 711.2690777566656 923.404324484079
5.941133984965034 749.2037960023022 973.5480453125235
6.222570836730231 788.7583923651554 1025.6719582037533
6.517339604882427 829.9761761013689 1079.8227401369809
6.826071834272386 872.9016088350406 1136.0477132781211
7.149428986597577 917.5802240183893 1194.392841893502
7.488103857590023 964.0593043385124 1254.9024333899788
7.842822061337682 1012.3877177105052 1317.6208558075853
8.21434358491943 1062.6157903484298 1382.5926536548293
8.603464416684501 1114.795098998319 1449.8625189933318
9.01101825166502 1168.9783231533374 1519.4736938808053
9.437878277775381 1225.220876114217 1591.4678562366303
9.884959046625585 1283.5792603435066 1665.8864022895868
10.353218432956627 1344.1109490571191 1742.7705193054321
10.843659686896109 1406.877150412239 1822.161132151678
11.357333583431052 1471.939064514654 1904.097453505569
11.895340673703195 1539.360565708016 1988.6169731619443
12.458833642950081 1609.2092837094501 2075.7565570649163
13.049019780144029 1681.5515211954523 2165.552498743987
13.667163564620074 1756.4594885442166 2258.0405876954173
14.314589375234785 1834.0074468153775 2353.2568365017514
14.992684327860456 1914.2672024532687 2451.237489111246
15.702901247293775 1997.3228678345831 2552.018592753885
16.446761779946645 2083.25332441368 2655.6360458999957
17.225859653987875 2172.1386165563517 2762.125470120968
18.04186409392072 2264.078211221983 2871.5196868233647
18.896523396912094 2359.151023118422 2983.849053822516
19.791668678535572 2457.4531046864627 3099.1432222725325
20.72921779595372 2559.098843755445 3217.431213285112
21.711179456945054 2664.16190688116 3338.741556047724
22.739657523579275 2772.770478391184 3463.103515511911
23.81685551976158 2885.039686738472 3590.5469475549958
24.945081352303166 3001.045919836574 3721.1016341537556
26.126752255633292 3120.961978036576 3854.797351538441
27.36439997074672 3244.878860215052 3991.6639570442876
28.660676169482503 3372.907576380336 4131.731481288196
30.01835813575589 3505.2515887942627 4275.0302254125045
31.440354715915 3641.9677167136892 4421.590863345119
32.929712550971516 3783.242299097963 4571.444549041568
34.489622604057594 3929.562206832549 5119.674153673734
36.123426997094306 4080.8168864197746 5886.1665693011055
37.83462617131929 4237.193227250367 6767.3133409146585
39.626886387014785 4398.825120442663 7780.252842462695
41.50404757850477 4565.83403588094 8944.683831047734
43.470131581250264 4738.550882712738 10283.247780910124
45.52935074866948 4917.045301027274 11821.968288981901
47.68611697714469 5101.565109119647 13590.756068578892
49.9450511585514 5292.418611625596 15623.98931837494
52.31099308056263 5489.665112258464 17961.18071389353
54.78901179593945 5693.691193287691 20647.74394662298
57.38441648302393 5904.722573343615 23735.8746639869
60.10276782070382 6122.901115711424 27285.562879106208
62.94988990221888 6348.6965404341745 31365.756465448536
65.93188271333548 6582.249226972515 36055.69827736491
69.0551352016233 6823.86790263277 41446.46279977856
72.32633896483533 7074.012816610891 47642.722093990276
75.75250258771912 7332.80398902412 54764.77524646768
79.34096665797492 7600.740715013783 62950.88062951256
83.09941949353396 7878.203368220818 72359.93614557793
87.03591361485165 8165.401978354621 83174.55936417647
91.15888299750827 8462.970746713809 95604.62720216064
95.47716114208056 8771.204778677633 109891.34369443878
100.0 9090.514264974054 126311.91462506793