10.0 5.0595044172000047e-11
10.722672220103231 5.046664519674965e-11
11.497569953977356 5.0214971414381686e-11
12.32846739442066 4.9832139149552056e-11
13.219411484660288 4.932512166907498e-11
14.174741629268055 4.8699311878881715e-11
15.199110829529339 4.7956468654056504e-11
16.297508346206442 4.7103310635032116e-11
17.47528400007684 4.613820375267023e-11
18.73817422860384 4.504381681070642e-11
20.09233002565047 4.382487344251444e-11
21.544346900318846 4.2504150432808866e-11
23.101297000831604 4.1094214457592024e-11
24.770763559917114 3.957363814400356e-11
26.560877829466868 3.7911098530798906e-11
28.48035868435802 3.6111476330443085e-11
30.538555088334157 3.417330669388534e-11
32.74549162877728 3.266231901343836e-11
35.11191734215131 3.1260334126264296e-11
37.64935806792467 2.972297673305653e-11
40.37017258596554 2.8127878562572466e-11
43.28761281083057 2.6526738212178637e-11
46.4158883361278 2.4946919130419206e-11
49.770235643321115 2.3423414622082606e-11
53.3669923120631 2.1968326298101032e-11
57.22367659350217 2.058917631800685e-11
61.35907273413173 1.9298117155216228e-11
65.79332246575683 1.8091832630552278e-11
70.54802310718645 1.6964753363341316e-11
75.64633275546291 1.5907790280050734e-11
81.11308307896873 1.4892098151499033e-11
86.97490026177834 1.3869309114492081e-11
93.26033468832199 1.273901187350337e-11
100.0 1.20655719310194e-11
107.22672220103232 1.1285334879268922e-11
114.97569953977356 1.04818266490322e-11
123.28467394420659 9.72230983574984e-12
132.19411484660287 9.030793276257869e-12
141.74741629268047 8.398900994837031e-12
151.99110829529332 7.754185009557136e-12
162.97508346206433 7.237588050725211e-12
174.7528400007683 6.753952854377215e-12
187.3817422860383 6.28563330436454e-12
200.92330025650458 5.883002218367815e-12
215.44346900318845 5.4699338157393016e-12
231.01297000831605 5.14048160372034e-12
247.70763559917114 4.78591053103275e-12
265.6087782946687 4.4885133117781925e-12
284.8035868435802 4.186051164733921e-12
305.3855508833416 3.922863278585874e-12
327.45491628777285 3.689379620026986e-12
351.1191734215131 3.4693336675423474e-12
376.49358067924675 3.2430644163701586e-12
403.70172585965577 3.0525095339515923e-12
432.87612810830615 2.8725576752099753e-12
464.1588833612782 2.719149840512448e-12
497.7023564332114 2.5563630466943786e-12
533.6699231206312 2.420498363903807e-12
572.236765935022 2.2914720026933474e-12
613.5907273413176 2.1733513096712897e-12
657.9332246575682 2.060868092228712e-12
705.4802310718645 1.9654477635832316e-12
756.463327554629 1.8621898373003264e-12
811.1308307896873 1.7722854218583524e-12
869.7490026177834 1.6902664737525666e-12
932.60334688322 1.6123614559341293e-12
1000.0 1.5384052214888994e-12
1072.2672220103232 1.4710273036769266e-12
1149.7569953977356 1.4067497425462397e-12
1232.8467394420659 1.3435344520713028e-12
1321.9411484660286 1.280405287052336e-12
1417.4741629268049 1.2235020616701674e-12
1519.9110829529332 1.1663735229991412e-12
1629.750834620645 1.109501946873555e-12
1747.5284000076847 1.056017658885413e-12
1873.817422860385 1.0040051761241046e-12
2009.2330025650479 9.53732393588992e-13
2154.4346900318847 9.040012388933378e-13
2310.1297000831605 8.555623144912375e-13
2477.0763559917114 8.084265898616288e-13
2656.0877829466867 7.620223823044591e-13
2848.035868435802 7.169388589258514e-13
3053.8555088334156 6.730537082075825e-13
3274.5491628777286 6.302566701618484e-13
3511.191734215131 5.888059742404688e-13
3764.9358067924672 5.485273627466734e-13
4037.017258596554 5.095054303311654e-13
4328.761281083057 4.718406935646213e-13
4641.588833612782 4.3557516679602863e-13
4977.023564332114 4.006321626869158e-13
5336.699231206313 3.6700947118289546e-13
5722.3676593502205 3.3471055120079787e-13
6135.907273413176 3.036835483080212e-13
6579.332246575683 2.7375430607673053e-13
7054.8023107186455 2.448303844709106e-13
7564.633275546291 2.1663848553031354e-13
8111.308307896872 1.8878237968091276e-13
8697.490026177835 1.6064211329095147e-13
9326.0334688322 1.3078023201027345e-13
10000.0 9.024089062715134e-14