10.0 4.90840587e-11
10.233717986325198 4.88844147e-11
10.472898382363585 4.86784362e-11
10.71766885445503 4.84673898e-11
10.96816005273138 4.82523458e-11
11.224505680853065 4.80346578e-11
11.486842567375536 4.78152089e-11
11.755310738783693 4.75946105e-11
12.030053494233242 4.73739607e-11
12.311217482038902 4.71538348e-11
12.598952777950272 4.6934741e-11
12.89341296525715 4.67172882e-11
13.19475521676706 4.65013033e-11
13.50314037869873 4.62876735e-11
13.818733056536322 4.60764043e-11
14.14170170289024 4.58651138e-11
14.472218707411344 4.56554365e-11
14.810460488806754 4.54459868e-11
15.156607589006027 4.52352482e-11
15.510844769528406 4.50211985e-11
15.873361110102095 4.48051073e-11
16.24435010958867 4.45823217e-11
16.624009789266125 4.43517481e-11
17.012542798525892 4.41115291e-11
17.41015652304016 4.38594458e-11
17.817063195457308 4.35920799e-11
18.233480008684413 4.33082704e-11
18.65962923181746 4.30053285e-11
19.095738328780975 4.26797035e-11
19.542040079740534 4.23295408e-11
19.99877270535286 4.19536435e-11
20.466179993919898 4.15498289e-11
20.944511431514698 4.11167425e-11
21.434022335148565 4.06546783e-11
21.93497398905059 4.01627484e-11
22.44763378413224 3.96423419e-11
22.972275360711524 3.90951595e-11
23.50917875457287 3.85232626e-11
24.058630546440657 3.79296357e-11
24.620924014946254 3.73183227e-11
25.196359293170147 3.66937253e-11
25.785243528842738 3.60598017e-11
26.387891048289333 3.54215191e-11
27.00462352420682 3.47845859e-11
27.6357701473616 3.41525125e-11
28.281667802300323 3.35295528e-11
28.942661247167518 3.29204405e-11
29.619103297725534 3.23277028e-11
30.311355015675794 3.17526944e-11
31.019785901380967 3.11968617e-11
31.744774091091934 3.06606313e-11
32.486706558783744 3.01422557e-11
33.24597932270942 2.96400338e-11
34.02299765678068 2.91511203e-11
34.81817630688966 2.86716523e-11
35.63193971228584 2.81966602e-11
36.464722232127485 2.77220807e-11
37.316968377327534 2.72440818e-11
38.189133047818544 2.67589091e-11
39.08168177536266 2.62645132e-11
39.99509097203666 2.57596523e-11
40.9298481845244 2.52460846e-11
41.88645235435271 2.47271923e-11
42.86541408420927 2.42075139e-11
43.867255910484985 2.36917173e-11
44.89251258218605 2.31865295e-11
45.94173134636476 2.26968977e-11
47.01547224022132 2.22271548e-11
48.1143083900326 2.17795718e-11
49.23882631706739 2.13541964e-11
50.3896262506515 2.09492957e-11
51.56732244854966 2.05605162e-11
52.77254352483538 2.01815556e-11
54.00593278542374 1.98055482e-11
55.268148571446034 1.94258668e-11
56.55986461065008 1.9035103e-11
57.88177037701274 1.86292107e-11
59.23457145875806 1.82072879e-11
60.61898993497572 1.77716491e-11
62.03576476104275 1.73271724e-11
63.485652163052166 1.68798405e-11
64.96942604146125 1.64360809e-11
66.48787838417263 1.60009063e-11
68.04181968927101 1.55775144e-11
69.63207939763883 1.51669631e-11
71.25950633568411 1.4768826e-11
72.92496916841445 1.43803478e-11
74.62935686310138 1.39990581e-11
76.37357916378024 1.36238197e-11
78.15856707684091 1.32558471e-11
79.98527336796712 1.28977334e-11
81.8546730706903 1.25544368e-11
83.7677640068292 1.22313331e-11
85.72556731909324 1.19316363e-11
87.7291280161336 1.16560883e-11
89.77951553033323 1.14018078e-11
91.87782428863335 1.11640636e-11
94.02517429670132 1.09371683e-11
96.22271173675139 1.07157011e-11
98.47160957933774 1.04957912e-11
100.77306820944618 1.02751714e-11
103.12831606721848 1.0052517e-11
105.5386103036523 9.82624304e-12
108.00523745162529 9.59410301e-12
110.52951411260221 9.35311306e-12
113.11278765939214 9.10116192e-12
115.75643695533036 8.83870276e-12
118.46187309026836 8.5684739e-12
121.23054013376529 8.2956101e-12
124.06391590588318 8.0264008e-12
126.96351276599728 7.76677701e-12
129.93087842004158 7.52179881e-12
132.96759674662127 7.29536655e-12
136.07528864243332 7.09006372e-12
139.25561288744635 6.90723778e-12
142.51026703029993 6.74693846e-12
145.84098829439864 6.60710056e-12
149.2495545051829 6.48332704e-12
152.7377850390714 6.36995593e-12
156.30754179458174 6.26077968e-12
159.9607301861488 6.14910951e-12
163.69930016117019 6.03030414e-12
167.52524724082156 5.90142479e-12
171.4406135851972 5.76236014e-12
175.44748908334597 5.61545943e-12
179.54801246878304 5.46494872e-12
183.74437246107266 5.3160581e-12
188.03880893409166 5.17350258e-12
192.43361411159802 5.04125802e-12
196.93113379074217 4.92193656e-12
201.53376859417332 4.81626813e-12
206.24397525140927 4.72297486e-12
211.06426791015548 4.6394972e-12
215.99721947827172 4.56309327e-12
221.04546299710216 4.49159235e-12
226.21169304690264 4.42399963e-12
231.4986671851161 4.35991224e-12
236.9092074182632 4.29959727e-12
242.44620170823282 4.24329746e-12
248.11260551377703 4.19018509e-12
253.9114433680347 4.13717598e-12
259.8458104929247 4.08230839e-12
265.91887445126935 4.02442542e-12
272.13387683753086 3.96439278e-12
278.4941350080644 3.90425421e-12
285.00304385181084 3.84765674e-12
291.6640776023707 3.79868375e-12
298.4807916924327 3.76102855e-12
305.4568246515432 3.7377819e-12
312.5959000482281 3.73049383e-12
319.90182847750674 3.73830362e-12
327.3785095948577 3.7570945e-12
335.029934197723 3.77962747e-12
342.86018635565864 3.79668215e-12
350.8734455902715 3.80060108e-12
359.0739891061055 3.79100188e-12
367.4661940736688 3.77750133e-12
376.0545399658172 3.77926995e-12
384.8436109487433 3.81228765e-12
393.8380983288489 3.87706215e-12
403.04280305680504 3.96379946e-12
412.4626382901352 4.04178016e-12
422.1026320156903 4.08226168e-12
431.96792973341735 4.09402659e-12
442.063797202853 4.07023592e-12
452.39562325380535 4.01338819e-12
462.96892266272675 3.95312886e-12
473.7893390963144 3.8868415e-12
484.86264812390783 3.80212729e-12
496.1947603002903 3.70848338e-12
507.79172432054037 3.61553346e-12
519.6597302486197 3.51816591e-12
531.8051128214197 3.42220587e-12
544.2343548300266 3.34179695e-12
556.9540905800136 3.24152647e-12
569.9711094326076 3.10877839e-12
583.2923594286206 2.92965403e-12
596.924950997074 2.72318784e-12
610.8761607505039 2.5493617e-12
625.1534353689711 2.42189478e-12
639.764395574843 2.30294658e-12
654.7168402004743 2.16819214e-12
670.0187503509591 2.04089068e-12
685.6782936641738 1.9382598e-12
701.7038286703829 1.84813617e-12
718.1039092537357 1.76306447e-12
734.8872892180387 1.68802893e-12
752.0629269592407 1.61715497e-12
769.6399902471159 1.54755364e-12
787.6278611187063 1.48834067e-12
806.0361408861345 1.4408184e-12
824.8746552614581 1.39657002e-12
844.1534596012984 1.3528288e-12
863.8828442740454 1.31249456e-12
884.0733401525063 1.27788348e-12
904.7357242349293 1.2489027e-12
925.8810253973954 1.22337787e-12
947.5205302806547 1.20003758e-12
969.6657893145521 1.17986752e-12
992.3286228832545 1.16323122e-12
1015.5211276345681 1.1498082e-12
1039.2556829367131 1.13942432e-12
1063.5449574860113 1.13217067e-12
1088.4019160690066 1.12824071e-12
1113.8398264826194 1.12693711e-12
1139.8722666160525 1.12699054e-12
1166.513131698196 1.13000889e-12
1193.776641714437 1.13748702e-12
1221.6773489967918 1.14790298e-12
1250.230145991456 1.1570687e-12
1279.4502732078734 1.16315089e-12
1309.353327353611 1.17326555e-12
1339.9552696593385 1.18639708e-12
1371.272434398401 1.19127831e-12
1403.3215376054848 1.18711817e-12
1436.1196859990787 1.17772078e-12
1469.684386112446 1.16351655e-12
1504.0335536380253 1.14439443e-12
1539.1855229902053 1.12115706e-12
1575.1590570916228 1.09505251e-12
1611.9733573881572 1.06355493e-12
1649.6480740980207 1.02258259e-12
1688.2033167003628 9.84782775e-13
1727.6596646690364 9.51060425e-13
1768.0381784572087 9.13601399e-13
1809.3604107387166 8.80098276e-13
1851.648417912156 8.52380128e-13
1894.9247718738216 8.26717022e-13
1939.212572065831 8.05482051e-13
1984.5354578058032 7.88176182e-13
2030.9176209047369 7.74463543e-13
2078.383818579757 7.63532009e-13
2126.959386668692 7.55358551e-13
2176.6702531534593 7.48851811e-13
2227.5429519995587 7.43857533e-13
2279.6046373189797 7.38761345e-13
2332.883097864158 7.31579781e-13
2387.406771860647 7.22790739e-13
2443.2047621864895 7.1223926e-13
2500.306851906324 6.99501179e-13
2558.743520168589 6.84778366e-13
2618.5459584742325 6.68769387e-13
2679.7460873256923 6.51179769e-13
2742.3765732649495 6.3194569e-13
2806.4708463098386 6.13478616e-13
2872.063117797828 5.96163275e-13
2939.1883986468874 5.80306348e-13
3007.882518043099 5.66437398e-13
3078.18214256508 5.54233758e-13
3150.124795755328 5.43385459e-13
3223.74887814903 5.33481506e-13
3299.093687770939 5.23686602e-13
3376.19944111134 5.13527773e-13
3455.1072945922183 5.02758301e-13
3535.8593665351796 4.9128721e-13
3618.4987596427463 4.79169852e-13
3703.069584005141 4.66530287e-13
3789.6169806447197 4.53681837e-13
3878.1871456107237 4.4124725e-13
3968.827354637166 4.29242152e-13
4061.5859883769795 4.18041342e-13
4156.5125582259925 4.07414897e-13
4253.657732750387 3.97231842e-13
4353.073364731892 3.87231237e-13
4454.8125188449885 3.771733e-13
4558.929499981064 3.66966949e-13
4665.479882234473 3.56629177e-13
4774.520538566131 3.46290238e-13
4886.109671160326 3.36039433e-13
5000.306842491095 3.26009968e-13
5117.173007114605 3.16269604e-13
5236.770544204655 3.06776812e-13
5359.163290848514 2.97456614e-13
5484.416576121021 2.88231133e-13
5612.597255954972 2.79057356e-13
5743.773748826587 2.6993172e-13
5878.0160722749115 2.60878669e-13
6015.395880274838 2.5194216e-13
6155.986501483508 2.43141864e-13
6299.862978380694 2.34472379e-13
6447.10210732387 2.25910368e-13
6597.78247953954 2.17431266e-13
6751.984523072501 2.09017442e-13
6909.790545715645 2.00664991e-13
7071.284778942996 1.92374734e-13
7236.553422869657 1.84150759e-13
7405.6846922624345 1.75987057e-13
7578.76886362593 1.67870803e-13
7755.898323389001 1.59782009e-13
7937.167617217551 1.51706249e-13
8122.67350047972 1.43631581e-13
8312.514989890631 1.35557357e-13
8506.793416364162 1.27483575e-13
8705.612479099866 1.19398147e-13
8909.078300934143 1.11303206e-13
9117.299484984922 1.03206793e-13
9330.38717262037 9.51553112e-14
9548.455102782293 8.72151902e-14
9771.61967269618 7.94432895e-14
10000.0 7.20211632e-14