10.0 4.970972738178259e-11
10.722672220103231 4.9568423534991344e-11
11.497569953977356 4.9207143528746736e-11
12.32846739442066 4.8636249556740243e-11
13.219411484660288 4.789744204940068e-11
14.174741629268055 4.7054192669862775e-11
15.199110829529339 4.616360860817001e-11
16.297508346206442 4.525661117500348e-11
17.47528400007684 4.43200571333123e-11
18.73817422860384 4.3300541901389535e-11
20.09233002565047 4.2138582691319724e-11
21.544346900318846 4.082218672308253e-11
23.101297000831604 3.941261294881419e-11
24.770763559917114 3.7989744177436307e-11
26.560877829466868 3.657129891086863e-11
28.48035868435802 3.509150763242485e-11
30.538555088334157 3.3471362347319536e-11
32.74549162877728 3.1739769316887737e-11
35.11191734215131 2.998895837157043e-11
37.64935806792467 2.8262361215248248e-11
40.37017258596554 2.6564177030774755e-11
43.28761281083057 2.495746070611042e-11
46.4158883361278 2.3507298781485193e-11
49.770235643321115 2.2172093701860603e-11
53.3669923120631 2.0892045449153663e-11
57.22367659350217 1.961710018767309e-11
61.35907273413173 1.830493647107406e-11
65.79332246575683 1.7008982602207595e-11
70.54802310718645 1.58260393221809e-11
75.64633275546291 1.48153415596234e-11
81.11308307896873 1.3939571754614614e-11
86.97490026177834 1.3094208653195197e-11
93.26033468832199 1.2222336749540592e-11
100.0 1.1374617227593837e-11
107.22672220103232 1.06166905408114e-11
114.97569953977356 9.953675680208417e-12
123.28467394420659 9.372113182711152e-12
132.19411484660287 8.865126841569078e-12
141.74741629268047 8.373717748705092e-12
151.99110829529332 7.903386154841123e-12
162.97508346206433 7.577087555406123e-12
174.7528400007683 7.37402405813398e-12
187.3817422860383 7.250367746151449e-12
200.92330025650458 7.15628869935425e-12
215.44346900318845 7.193724736521365e-12
231.01297000831605 7.239454964518133e-12
247.70763559917114 6.4896124670057655e-12
265.6087782946687 6.2499419695214825e-12
284.8035868435802 5.43883004017425e-12
305.3855508833416 4.614357608300852e-12
327.45491628777285 3.921100696952166e-12
351.1191734215131 3.391599260785401e-12
376.49358067924675 2.996543593445319e-12
403.70172585965577 2.671590805785214e-12
432.87612810830615 2.43064475805941e-12
464.1588833612782 2.2435404417001317e-12
497.7023564332114 2.1044231311828744e-12
533.6699231206312 2.0111583093905694e-12
572.236765935022 1.9692132675905484e-12
613.5907273413176 1.978343328872297e-12
657.9332246575682 2.0672715307987033e-12
705.4802310718645 2.1903382339713706e-12
756.463327554629 2.15287787418084e-12
811.1308307896873 1.9132790268931886e-12
869.7490026177834 1.6013814603850523e-12
932.60334688322 1.4117043660425155e-12
1000.0 1.3170215098777801e-12
1072.2672220103232 1.2965911309726573e-12
1149.7569953977356 1.3509937708569173e-12
1232.8467394420659 1.3807269738220304e-12
1321.9411484660286 1.2647534603370978e-12
1417.4741629268049 1.1008267292251453e-12
1519.9110829529332 1.024610350778283e-12
1629.750834620645 1.028355097202693e-12
1747.5284000076847 1.025478030884143e-12
1873.817422860385 9.308786354295839e-13
2009.2330025650479 8.504466021624053e-13
2154.4346900318847 8.355429446492144e-13
2310.1297000831605 7.980786953400021e-13
2477.0763559917114 7.263944870256217e-13
2656.0877829466867 6.969059335022322e-13
2848.035868435802 6.556313913082985e-13
3053.8555088334156 6.066416958527533e-13
3274.5491628777286 5.738410413908159e-13
3511.191734215131 5.297604377391445e-13
3764.9358067924672 4.957813656954323e-13
4037.017258596554 4.575318944669747e-13
4328.761281083057 4.2400194886999785e-13
4641.588833612782 3.9029146945298804e-13
4977.023564332114 3.5816513009620956e-13
5336.699231206313 3.281292797451517e-13
5722.3676593502205 2.991063063555082e-13
6135.907273413176 2.7104376949544703e-13
6579.332246575683 2.4398530689578135e-13
7054.8023107186455 2.1762876588805305e-13
7564.633275546291 1.917671596466614e-13
8111.308307896872 1.6597159314054473e-13
8697.490026177835 1.3959940197597607e-13
9326.0334688322 1.1156953476028631e-13
10000.0 8.138643518038699e-14

