10.0 4.9972794990948984e-11
10.722672220103231 4.982167301554817e-11
11.497569953977356 4.9541577716915695e-11
12.32846739442066 4.9174674354123336e-11
13.219411484660288 4.8732105239501496e-11
14.174741629268055 4.8171390887126936e-11
15.199110829529339 4.7433932325451614e-11
16.297508346206442 4.6516856973626645e-11
17.47528400007684 4.5468631997998667e-11
18.73817422860384 4.4315469619338065e-11
20.09233002565047 4.305359629967804e-11
21.544346900318846 4.171471149559247e-11
23.101297000831604 4.034930731515071e-11
24.770763559917114 3.894993103696775e-11
26.560877829466868 3.749096700459828e-11
28.48035868435802 3.595494875596985e-11
30.538555088334157 3.432115042175273e-11
32.74549162877728 3.26191319259423e-11
35.11191734215131 3.0918958992884846e-11
37.64935806792467 2.928660207254102e-11
40.37017258596554 2.7740338207784678e-11
43.28761281083057 2.6245786945559128e-11
46.4158883361278 2.4766653977710574e-11
49.770235643321115 2.331923134820899e-11
53.3669923120631 2.1943964635690864e-11
57.22367659350217 2.0661117526083566e-11
61.35907273413173 1.947784919463927e-11
65.79332246575683 1.8403265210923912e-11
70.54802310718645 1.7403324223043503e-11
75.64633275546291 1.6437308294452498e-11
81.11308307896873 1.5552749833924995e-11
86.97490026177834 1.478251501859913e-11
93.26033468832199 1.4117509816896428e-11
100.0 1.346376183735044e-11
107.22672220103232 1.276162745295371e-11
114.97569953977356 1.198409863510432e-11
123.28467394420659 1.0693298060945876e-11
132.19411484660287 1.0294001650017203e-11
141.74741629268047 9.511666819561166e-12
151.99110829529332 8.541414462933592e-12
162.97508346206433 7.633293628980846e-12
174.7528400007683 6.844159938314938e-12
187.3817422860383 6.178739418456263e-12
200.92330025650458 5.622311458598386e-12
215.44346900318845 5.144855366228526e-12
231.01297000831605 4.737804838894642e-12
247.70763559917114 4.405889075432955e-12
265.6087782946687 4.128818857312777e-12
284.8035868435802 3.928057242748717e-12
305.3855508833416 3.794825827689338e-12
327.45491628777285 3.745527479721473e-12
351.1191734215131 3.808051291074502e-12
376.49358067924675 3.5912062044059568e-12
403.70172585965577 3.296875650718267e-12
432.87612810830615 2.8464316360396867e-12
464.1588833612782 2.549029199891375e-12
497.7023564332114 2.360457747798528e-12
533.6699231206312 2.2705396967868977e-12
572.236765935022 2.2893081635857075e-12
613.5907273413176 2.3644333473760274e-12
657.9332246575682 2.162520105681348e-12
705.4802310718645 1.8646308171639597e-12
756.463327554629 1.7301969972556237e-12
811.1308307896873 1.7336490964972622e-12
869.7490026177834 1.7821476976741348e-12
932.60334688322 1.593411902676712e-12
1000.0 1.4401356931565257e-12
1072.2672220103232 1.4572880147122281e-12
1149.7569953977356 1.4350022760351904e-12
1232.8467394420659 1.2652682714968727e-12
1321.9411484660286 1.2610169136322924e-12
1417.4741629268049 1.2147028917720269e-12
1519.9110829529332 1.1059402478818847e-12
1629.750834620645 1.1077669027596468e-12
1747.5284000076847 1.0033541585072112e-12
1873.817422860385 9.931700262926976e-13
2009.2330025650479 9.083132928554413e-13
2154.4346900318847 8.839747396111266e-13
2310.1297000831605 8.250860725521151e-13
2477.0763559917114 7.729897583860117e-13
2656.0877829466867 7.379952134325782e-13
2848.035868435802 6.926176320856716e-13
3053.8555088334156 6.458554701164008e-13
3274.5491628777286 6.032668925839404e-13
3511.191734215131 5.631476665489843e-13
3764.9358067924672 5.245941885320281e-13
4037.017258596554 4.872218468192098e-13
4328.761281083057 4.5123773635773523e-13
4641.588833612782 4.1613910930636165e-13
4977.023564332114 3.8202283199343356e-13
5336.699231206313 3.4953438921358636e-13
5722.3676593502205 3.1811107606701145e-13
6135.907273413176 2.8801505329286156e-13
6579.332246575683 2.5888486383825225e-13
7054.8023107186455 2.307441167609772e-13
7564.633275546291 2.0347492161458447e-13
8111.308307896872 1.7667970739236888e-13
8697.490026177835 1.4947087367986442e-13
9326.0334688322 1.2039185257944784e-13
10000.0 8.546274736802443e-14