10.0 5.0448673934354056e-11
10.722672220103231 5.026296798409296e-11
11.497569953977356 4.9993473383125375e-11
12.32846739442066 4.963142336289641e-11
13.219411484660288 4.9152036550078195e-11
14.174741629268055 4.8541050844901645e-11
15.199110829529339 4.777672765543306e-11
16.297508346206442 4.686335578427145e-11
17.47528400007684 4.58340724359776e-11
18.73817422860384 4.472558461784618e-11
20.09233002565047 4.355449350430385e-11
21.544346900318846 4.230702263460583e-11
23.101297000831604 4.096248367368735e-11
24.770763559917114 3.952837139577355e-11
26.560877829466868 3.803195690093355e-11
28.48035868435802 3.649671969441946e-11
30.538555088334157 3.494073459436179e-11
32.74549162877728 3.338659114059092e-11
35.11191734215131 3.18356925556893e-11
37.64935806792467 3.0269538069305044e-11
40.37017258596554 2.871205109028376e-11
43.28761281083057 2.7201352534883854e-11
46.4158883361278 2.574945972527291e-11
49.770235643321115 2.4302655505489294e-11
53.3669923120631 2.2796728725501833e-11
57.22367659350217 2.121198084107558e-11
61.35907273413173 1.942614290720486e-11
65.79332246575683 1.8467980093605382e-11
70.54802310718645 1.7526187311885948e-11
75.64633275546291 1.6400052616682256e-11
81.11308307896873 1.523406472383538e-11
86.97490026177834 1.4097745787726995e-11
93.26033468832199 1.3017060017124291e-11
100.0 1.2021126979650309e-11
107.22672220103232 1.1104377645233714e-11
114.97569953977356 1.0264722912479266e-11
123.28467394420659 9.513997153107223e-12
132.19411484660287 8.840864643738175e-12
141.74741629268047 8.252866608100175e-12
151.99110829529332 7.75413262655494e-12
162.97508346206433 7.33025537381132e-12
174.7528400007683 6.9333493990277665e-12
187.3817422860383 6.305857886548841e-12
200.92330025650458 6.036113777424875e-12
215.44346900318845 5.523785170289586e-12
231.01297000831605 5.058256600486083e-12
247.70763559917114 4.6848200305840716e-12
265.6087782946687 4.404027979833018e-12
284.8035868435802 4.2162765910220695e-12
305.3855508833416 4.0412525611035e-12
327.45491628777285 3.779110006068221e-12
351.1191734215131 3.423332669861738e-12
376.49358067924675 3.173084765819221e-12
403.70172585965577 3.043798256219462e-12
432.87612810830615 2.9482814079630634e-12
464.1588833612782 2.730150845615497e-12
497.7023564332114 2.501631294529902e-12
533.6699231206312 2.4276495486911703e-12
572.236765935022 2.3537679595157242e-12
613.5907273413176 2.1290362339241203e-12
657.9332246575682 2.0642369329996988e-12
705.4802310718645 1.993175212340327e-12
756.463327554629 1.8253658037928823e-12
811.1308307896873 1.804382685199973e-12
869.7490026177834 1.6584290277419138e-12
932.60334688322 1.636962469735312e-12
1000.0 1.5110929380104515e-12
1072.2672220103232 1.4882600181778923e-12
1149.7569953977356 1.3926207407828706e-12
1232.8467394420659 1.3242178615674825e-12
1321.9411484660286 1.2881138659907184e-12
1417.4741629268049 1.2238635413475408e-12
1519.9110829529332 1.1529004383058845e-12
1629.750834620645 1.0947117023683605e-12
1747.5284000076847 1.0425725059454983e-12
1873.817422860385 9.917131311579128e-13
2009.2330025650479 9.425566977940019e-13
2154.4346900318847 8.969018311531896e-13
2310.1297000831605 8.508996095069282e-13
2477.0763559917114 8.005379637592415e-13
2656.0877829466867 7.549113797599286e-13
2848.035868435802 7.09752065603161e-13
3053.8555088334156 6.663821885688643e-13
3274.5491628777286 6.230543071289563e-13
3511.191734215131 5.815462307793164e-13
3764.9358067924672 5.415073302768537e-13
4037.017258596554 5.029081312252253e-13
4328.761281083057 4.655187146618963e-13
4641.588833612782 4.294546275469563e-13
4977.023564332114 3.94717590830057e-13
5336.699231206313 3.612625744065962e-13
5722.3676593502205 3.29106305740119e-13
6135.907273413176 2.9818258463051745e-13
6579.332246575683 2.6854737009418177e-13
7054.8023107186455 2.39883634902299e-13
7564.633275546291 2.1193018352628227e-13
8111.308307896872 1.8429363924871426e-13
8697.490026177835 1.5637173991605524e-13
9326.0334688322 1.268261627242947e-13
10000.0 8.839778013313986e-14